703754523	0	15.00	1	100	4	100000	0	0	1	1	1
754987242	0	15.00	12	100	4	1	1	0	1	1	1
615674363	0	16.80	1	100	4	100	1	0	0	0	1
719546252	0	15.00	1	100	4	100	1	0	0	0	1
718650351	0	9.50	3	100	4	100	0	0	1	1	1
758612111	0	15.00	1	100	4	100	1	0	0	0	1
376853232	0	10.50	1	100	4	100	1	0	0	1	1
716505921	0	15.00	1	100	4	100	0	0	0	0	1
651613946	0	11.20	1	100	4	50	0	0	1	1	1
709278788	0	14.00	1	100	4	500	1	0	0	1	1
499144145	0	15.00	1	100	4	100	1	0	1	1	1
549062958	0	12.00	12	100	4	100	0	0	1	1	1
697674622	0	15.00	6	100	4	1	0	0	0	0	1
607159058	0	12.50	12	100	4	1000	1	0	0	0	1
598089577	0	7.00	1	100	4	1000	1	0	0	0	1
549051441	0	11.00	6	100	4	100	0	0	1	1	1
670429550	0	15.00	1	100	4	100	1	0	0	0	1
749906840	0	15.20	1	100	4	100	1	0	0	0	1
689622170	0	8.80	1	100	4	1	0	0	1	1	1
639315121	0	18.00	5	100	4	1	0	0	1	1	1
645204378	0	6.50	1	100	4	1000	1	0	0	0	1
753574058	1	29.99	6	100	4	1000000	0	0	0	0	0
693632131	0	15.00	1	100	4	50	0	0	0	0	1
719527014	0	14.65	3	100	4	100	1	0	1	1	1
527180818	0	10.00	6	100	4	100	0	0	0	1	1
759585081	0	7.50	2	100	4	100	1	0	0	1	1
489674327	0	15.00	1	100	4	100	1	0	1	1	1
623616039	0	16.80	1	100	4	100	1	0	0	0	1
609161618	0	14.00	12	100	4	100	1	0	0	1	1
608801858	0	15.00	1	100	4	100	1	0	0	1	1
617502080	0	7.00	3	100	4	5000	1	0	1	1	1
694579622	0	8.88	1	100	4	100	1	0	1	1	1
712628563	0	12.18	2	100	4	100	1	0	1	1	1
518693816	0	15.00	1	100	4	1000	1	0	0	0	1
711057994	0	8.80	1	100	4	50	0	0	1	1	1
746952587	0	18.00	12	100	4	100	1	0	0	0	1
592122852	0	14.00	1	100	4	100	1	0	0	1	1
573386629	0	10.50	3	100	4	100	1	0	0	1	1
659158143	0	13.00	3	100	4	100	1	0	0	0	1
641061997	0	18.00	15	100	4	1	0	0	1	1	1
626928750	0	16.80	1	100	4	100	1	0	0	0	1
762134920	0	6.00	1	100	4	100	1	0	0	0	1
618537203	0	16.80	1	100	4	100	1	0	0	0	1
619308975	0	10.00	1	100	4	100	1	0	1	0	1
490319587	0	15.00	1	100	4	1	0	0	0	0	1
702032328	0	12.00	1	100	4	50	0	0	1	-1	1
552005873	0	15.00	1	100	4	100	1	0	1	1	1
742025898	0	12.00	1	100	4	100	0	0	0	1	1
347845719	0	8.00	2	100	4	100	1	0	0	0	1
759212539	0	12.00	1	100	4	1	0	0	0	0	1
498281545	0	15.00	1	100	4	100	1	0	1	1	1
666373550	0	14.00	1	100	4	100	0	0	1	1	1
769356921	0	7.00	1	100	4	100	1	0	0	0	1
745761053	0	8.25	1	100	4	100	1	0	1	1	1
602703986	0	14.00	1	100	4	500	1	0	0	1	1
740248604	0	15.00	1	100	4	100	1	0	0	0	1
641279354	0	15.00	1	100	4	100	1	0	0	0	1
719527143	0	14.74	6	100	4	100	1	0	1	1	1
505210094	0	9.88	1	100	4	1	1	0	1	1	1
719614922	0	13.00	3	100	4	1000	0	0	0	0	1
692167301	0	13.80	1	100	4	100	0	0	1	1	1
632465388	0	13.00	1	100	4	100	1	0	0	0	1
588517063	0	8.00	3	100	4	1000	1	0	0	0	1
753222953	0	8.50	3	100	4	50000	1	0	0	0	1
650083028	0	16.00	1	100	4	100	1	0	0	1	1
723448011	1	29.99	6	100	4	1000000	0	0	0	0	0
734392740	0	18.00	1	100	4	50	0	0	0	0	1
365328941	0	17.00	6	100	4	100	1	0	1	1	1
346973365	1	17.00	12	100	4	3000000	0	0	1	0	0
687011623	0	13.80	3	100	4	100	0	0	1	1	1
557320969	0	8.00	1	100	4	100	0	0	1	1	1
763196581	0	17.00	1	100	4	100	0	0	1	1	1
753287465	0	7.00	1	100	4	1000	1	0	0	0	1
687521727	0	8.80	12	100	4	100	1	0	1	1	1
542087248	0	10.00	3	100	4	100	1	0	1	1	1
652246057	0	13.00	1	100	4	100	1	0	0	0	1
759721876	0	15.00	1	100	4	100	0	0	1	1	1
369764725	0	10.00	3	100	4	100	1	0	0	1	1
760915230	1	7.20	12	100	4	3000000	0	0	1	1	1
588817626	1	17.00	12	100	4	1000000	0	0	1	0	0
664660566	0	13.50	24	100	4	1000	1	0	0	0	1
714439387	0	13.00	3	100	4	1000	0	0	0	0	1
498959408	0	12.00	1	100	4	100	1	0	1	1	1
486330710	0	15.00	3	100	4	1	0	0	0	0	1
577671806	0	14.80	6	100	4	100	1	0	0	0	1
746060177	0	15.20	6	100	4	100	1	0	0	0	1
616646593	0	16.80	1	100	4	100	1	0	0	0	1
708779154	0	15.00	1	100	4	50	0	0	0	0	1
619970896	0	16.80	1	100	4	100	1	0	0	0	1
677611074	0	9.00	3	100	4	100	1	0	0	1	1
657336803	0	13.00	12	100	4	100	1	0	0	0	1
747973943	1	9.00	12	100	4	3000000	1	0	1	1	1
579928889	0	15.00	1	100	4	1	1	0	0	0	1
613405318	0	16.80	1	100	4	100	1	0	0	0	1
510435793	0	17.00	3	100	4	100	1	0	0	1	1
735115873	0	8.00	1	100	4	100	1	0	1	0	1
573676625	0	17.00	3	100	4	100	0	0	0	1	1
644943977	0	15.00	3	100	4	100	1	0	1	1	1
522445332	0	8.00	1	100	4	100	0	0	0	1	1
620636499	0	16.80	1	100	4	100	1	0	0	0	1
347687402	1	17.00	12	100	4	3000000	0	0	1	0	0
575163447	0	10.50	3	100	4	100	1	0	0	1	1
613406950	0	16.80	1	100	4	100	1	0	0	0	1
753287783	0	9.00	6	100	4	1000	1	0	1	1	1
515644280	0	15.00	3	100	4	100	1	0	0	1	1
627874788	0	17.00	1	100	4	1	0	0	1	0	1
510170966	0	18.00	12	100	4	100	1	0	1	1	1
708456842	0	10.80	2	100	4	1000	0	0	0	0	1
753984331	1	7.80	36	80	3	3000000	0	0	1	1	1
579461046	0	14.80	1	100	4	100	1	0	0	0	1
721295916	0	13.00	3	100	4	1000	0	0	0	0	1
690667570	0	12.00	1	100	4	100	1	0	0	0	1
590660620	0	15.00	3	100	4	100000	1	0	0	0	1
600554002	0	7.00	1	100	4	1	0	0	1	1	1
759201650	1	7.40	24	100	4	3000000	0	0	1	1	1
717257772	1	29.90	3	100	4	1000000	0	0	1	0	0
610533496	0	8.00	1	100	4	1	0	0	1	1	1
617490350	0	8.00	12	100	4	1000	1	0	1	1	1
371076613	0	13.00	1	100	4	100	1	0	1	1	1
760876041	1	7.00	24	100	4	1000000	0	0	1	1	1
346893844	0	12.50	12	100	4	100	1	0	0	1	1
735120274	0	10.50	3	100	4	100	1	0	0	0	1
621786287	0	16.80	1	100	4	100	1	0	0	0	1
754014115	1	7.00	7	100	4	1000000	0	0	1	1	1
759225320	1	8.00	12	100	4	1000000	0	0	1	1	1
651283176	0	15.99	3	100	4	1	0	0	1	1	1
768380021	0	10.00	3	100	4	100	0	0	1	1	1
759166205	1	7.00	12	100	4	1000000	0	0	1	1	1
754027387	1	5.70	3	100	4	3000000	0	0	1	1	1
625206670	0	16.80	1	100	4	100	1	0	0	0	1
748087852	0	8.00	3	100	4	1000	1	0	1	1	1
369764149	0	8.00	6	100	4	100	1	0	0	1	1
568516756	0	17.00	3	100	4	100	1	0	1	1	1
721722083	1	29.90	6	100	4	1000000	0	0	0	0	0
692176733	0	13.80	6	100	4	100	0	0	1	1	1
759235736	1	6.50	18	60	2	1000000	0	0	1	1	1
681084776	0	7.50	3	100	4	100	1	0	1	1	1
759203660	1	7.40	18	100	4	1000000	0	0	1	1	1
753974770	1	8.00	24	100	4	3000000	0	0	1	1	1
763241287	0	11.00	12	100	4	100	0	0	1	1	1
760875291	1	8.00	18	100	4	1000000	0	0	1	1	1
754980417	0	11.00	12	100	4	1000	1	0	1	1	1
708456656	0	7.30	2	100	4	1000	0	0	0	0	1
578848743	0	17.01	10	100	4	100	0	0	0	1	1
754036954	1	7.50	24	60	2	1000000	0	0	1	1	1
595777718	0	15.00	1	100	4	50000	1	0	0	0	1
504943226	0	10.00	1	100	4	100	1	0	0	1	1
646166255	0	17.99	10	100	4	1	0	0	1	1	1
740327069	0	9.50	1	100	4	100	1	0	0	0	1
642404369	0	22.00	3	100	4	100	0	0	0	0	1
754020181	1	7.00	12	100	4	1000000	0	0	1	1	1
645219252	0	7.00	2	100	4	1000	1	0	0	0	1
587031521	1	17.50	12	100	4	1000000	0	0	1	0	0
716557300	1	29.99	6	100	4	1000000	0	0	0	0	0
753981844	1	7.30	24	80	3	3000000	0	0	1	1	1
591762193	0	15.00	12	100	4	200000	1	0	0	0	1
753983800	1	7.50	18	80	3	1000000	0	0	1	1	1
607714265	1	10.30	36	80	3	1000000	1	0	0	0	0
514629910	0	12.00	1	100	4	100	1	0	1	1	1
760935945	1	6.50	24	80	3	1000000	0	0	1	1	1
768272976	1	7.00	24	60	2	1000000	1	0	0	0	0
646238678	0	17.99	7	100	4	1	0	0	1	1	1
621786434	0	16.80	1	100	4	100	1	0	0	0	1
762379762	1	7.40	24	60	2	1000000	1	0	0	0	0
615629441	1	8.80	24	60	2	1000000	1	0	0	0	0
619963810	0	16.80	1	100	4	100	1	0	0	0	1
668973307	0	12.00	1	100	4	1	0	0	1	1	1
577672223	0	14.80	6	100	4	100	1	0	0	0	1
753984274	1	7.60	24	80	3	1000000	0	0	1	1	1
581863342	1	17.80	12	100	4	1000000	0	0	1	0	0
644594662	0	5.00	1	100	4	1	0	0	1	1	1
369764965	0	9.50	2	100	4	100	1	0	0	1	1
597565386	0	15.00	3	100	4	50000	1	0	0	0	1
754034827	1	6.30	24	80	3	1000000	0	0	1	1	1
759176234	1	7.30	36	100	4	1000000	0	0	1	1	1
579467007	0	9.98	4	100	4	100	0	0	1	1	1
625092842	0	16.80	1	100	4	100	1	0	0	0	1
693911112	0	13.80	1	100	4	100	0	0	1	1	1
578848734	0	15.66	9	100	4	100	0	0	0	1	1
595813220	0	15.00	1	100	4	100000	1	0	0	0	1
759228209	1	6.70	6	100	4	1000000	0	0	1	1	1
577061351	0	16.83	11	100	4	100	0	0	1	1	1
598696971	0	15.00	6	100	4	200000	1	0	0	0	1
605713544	0	15.00	10	100	4	1	0	0	1	1	1
759166961	1	7.20	24	80	3	1000000	0	0	1	1	1
571887856	0	15.00	3	100	4	100	0	0	0	1	1
692171159	0	13.80	1	100	4	100	0	0	1	1	1
597565455	0	15.00	6	100	4	50000	1	0	0	0	1
597826204	0	7.00	1	100	4	1	0	0	1	0	1
595818815	0	15.00	6	100	4	100000	1	0	0	0	1
755797667	0	6.00	1	100	4	1	0	0	1	1	1
577672226	0	14.80	6	100	4	100	1	0	0	0	1
572500170	0	16.00	4	100	4	100	0	0	0	1	1
635974731	0	12.00	4	100	4	1	0	0	1	1	1
596917019	0	15.00	3	100	4	500000	1	0	0	0	1
587038247	1	17.00	12	100	4	1000000	0	0	1	0	0
607495773	0	10.50	3	100	4	1	0	0	1	1	1
595812146	0	15.00	12	100	4	50000	1	0	0	0	1
572490307	0	14.80	6	100	4	100	1	0	0	0	1
635023791	0	7.00	1	100	4	1	0	0	1	1	1
578846748	0	16.00	3	100	4	100	1	0	1	1	1
680126397	0	13.88	5	100	4	1	0	0	1	1	1
578837184	0	17.03	6	100	4	100	0	0	0	1	1
591761893	0	15.00	3	100	4	200000	1	0	0	0	1
637475658	0	7.00	1	100	4	1	0	0	1	1	1
591760576	0	15.00	1	100	4	200000	1	0	0	0	1
578836923	0	14.66	4	100	4	100	0	0	0	1	1
673221625	0	14.88	10	100	4	1	0	0	1	1	1
639831208	0	12.88	4	100	4	2	0	0	1	1	1
644377147	0	14.55	5	100	4	1	0	0	1	1	1
647974047	0	14.88	8	100	4	1	0	0	1	1	1
750596065	0	13.00	3	100	4	1	0	0	1	1	1
601648362	0	7.00	1	100	4	100	0	0	1	1	1
625099373	0	16.80	1	100	4	100	1	0	0	0	1
577061009	0	13.89	8	100	4	100	0	0	0	1	1
647971188	0	14.99	5	100	4	1	0	0	1	1	1
760885560	1	7.80	36	100	4	1000000	0	0	1	1	1
634478642	0	7.00	3	100	4	1	0	0	1	1	1
666699374	0	12.00	4	100	4	1	0	0	1	1	1
630528454	0	10.99	1	100	4	1	0	0	1	1	1
739799561	1	29.99	6	100	4	1000000	0	0	0	0	0
678360581	0	15.66	6	100	4	1	0	0	1	1	1
644933804	0	7.88	2	100	4	2	0	0	1	1	1
602983403	0	10.00	2	100	4	1	0	0	1	1	1
644377039	0	15.88	6	100	4	1	0	0	1	1	1
604294248	0	7.00	15	100	4	1	0	0	1	1	1
642753752	0	14.80	3	100	4	100000	1	0	0	0	1
661799887	1	18.00	12	100	4	1000000	0	0	1	0	0
602984432	0	15.00	18	100	4	1	0	0	1	1	1
756001605	1	8.20	19	100	4	1000000	0	0	0	0	0
644377126	0	12.56	13	100	4	1	0	0	1	1	1
572521069	0	8.99	7	100	4	100	0	0	1	1	1
757494786	0	16.00	13	100	4	1	0	0	1	1	1
637479225	0	15.00	1	100	4	1	0	0	1	1	1
600555952	0	11.00	9	100	4	1	0	0	1	1	1
647134956	0	13.88	8	100	4	2	0	0	1	1	1
577049435	0	11.88	5	100	4	100	0	0	0	1	1
639318958	0	5.00	1	100	4	1	0	0	1	1	1
578849055	0	12.69	10	100	4	100	0	0	0	1	1
600555970	0	8.90	7	100	4	1	0	0	1	1	1
669583009	0	7.00	1	100	4	1	0	0	1	0	1
571887046	0	8.00	1	100	4	100	0	0	1	1	1
757494843	0	6.00	1	100	4	1	0	0	1	1	1
572513263	0	4.98	2	100	4	100	0	0	1	1	1
644377063	0	11.88	8	100	4	1	0	0	1	1	1
583985362	0	4.98	9	100	4	100	0	0	1	1	1
602984873	0	10.00	3	100	4	1	0	0	1	1	1
757494771	0	14.00	5	100	4	1	0	0	1	1	1
649450691	0	11.66	11	100	4	1	0	0	1	1	1
683319858	0	10.60	1	100	4	1	0	0	1	1	1
600554182	0	13.00	6	100	4	1	0	0	1	0	1
602749730	1	9.50	24	80	3	1000000	1	0	0	0	0
641062717	0	12.00	3	100	4	1	0	0	1	1	1
571929616	0	4.89	2	100	4	100	0	0	0	1	1
607704302	1	10.00	12	80	3	500000	1	0	0	0	0
578849490	0	9.90	12	100	4	100	0	0	0	1	1
757667779	0	11.00	5	100	4	1	0	0	1	1	1
578159780	0	6.00	1	100	4	100	0	0	0	1	1
578158796	0	9.95	6	100	4	100	0	0	1	1	1
644933594	0	5.00	1	100	4	2	0	0	1	1	1
760473383	0	10.88	5	100	4	1	0	0	1	1	1
605241577	1	10.00	12	80	3	500000	1	0	0	0	0
589156439	0	4.95	5	100	4	100	0	0	1	1	1
589156163	0	4.93	1	100	4	100	0	0	1	1	1
604767072	0	12.00	10	100	4	1	0	0	1	1	1
607495884	0	10.30	2	100	4	1	0	0	1	1	1
598839665	0	12.00	1	100	4	100	0	0	1	1	1
595819196	0	15.00	12	100	4	100000	1	0	0	0	1
644377138	0	5.00	14	100	4	1	0	0	1	1	1
590930202	0	4.99	4	100	4	100	0	0	1	0	1
680128335	0	12.88	9	100	4	1	0	0	1	1	1
764595144	0	5.00	1	100	4	1	0	0	1	1	1
669587128	0	14.00	3	100	4	100	0	0	1	1	1
757675180	0	12.00	6	100	4	1	0	0	1	1	1
579468792	0	17.03	14	100	4	100	0	0	0	1	1
578836656	0	13.00	2	100	4	100	0	0	0	1	1
651502674	0	8.00	3	100	4	1	0	0	1	1	1
755258422	0	8.00	1	100	4	1	0	0	1	1	1
646161557	0	12.00	8	100	4	1	0	0	1	1	1
597836059	0	14.98	5	100	4	1	0	0	1	1	1
646162718	0	5.00	16	100	4	1	0	0	1	1	1
676417264	0	7.99	1	100	4	1	0	0	1	1	1
676505898	0	12.00	3	100	4	1	0	0	1	1	1
676505940	0	16.00	12	100	4	100	0	0	1	1	1
678360233	0	11.00	3	100	4	1	0	0	1	1	1
757679671	0	14.00	10	100	4	1	0	0	1	1	1
674743424	0	15.00	6	100	4	1	0	0	1	1	1
674743343	0	9.00	2	100	4	1	0	0	1	0	1
573001000	0	4.97	12	100	4	100	0	0	1	1	1
762862391	0	16.00	12	100	4	1	0	0	1	1	1
678362465	0	11.88	8	100	4	1	0	0	1	1	1
760469111	0	16.00	10	100	4	1	0	0	1	1	1
623974168	1	10.00	24	100	4	1000000	1	0	0	0	0
680126394	0	12.00	4	100	4	1	0	0	1	1	1
673219351	0	15.00	7	100	4	1	0	0	1	1	1
643837992	0	14.80	3	100	4	100	1	0	0	0	1
665713325	0	12.00	3	100	4	100	0	0	1	1	1
673202872	0	5.00	1	100	4	1	0	0	1	1	1
642578267	0	14.80	3	100	4	100	1	0	0	0	1
762831332	0	8.88	2	100	4	1	0	0	1	1	1
669585601	0	8.01	2	100	4	1	0	0	1	0	1
642386306	0	14.80	1	100	4	100	1	0	0	0	1
764589708	0	12.00	7	100	4	1	0	0	1	1	1
764594073	0	13.00	9	100	4	1	0	0	1	1	1
680118357	0	10.00	2	100	4	1	0	0	1	1	1
757660528	0	10.00	4	100	4	1	0	0	1	1	1
676504629	0	7.99	1	100	4	1	0	0	1	0	1
637471786	0	14.80	6	100	4	100	1	0	0	0	1
760461929	0	12.00	4	100	4	1	0	0	1	1	1
637631842	0	14.80	3	100	4	100	1	0	0	0	1
757648864	0	9.00	3	100	4	1	0	0	1	1	1
757679686	0	14.88	11	100	4	1	0	0	1	1	1
762182484	0	13.99	9	100	4	1	0	0	1	1	1
647939757	0	14.80	3	100	4	200000	1	0	0	0	1
678362756	0	15.00	8	100	4	1	0	0	1	1	1
578849688	0	4.99	13	100	4	100	0	0	0	1	1
641062021	0	5.00	1	100	4	1	0	0	1	1	1
598700001	0	15.00	6	100	4	500000	1	0	0	0	1
760472036	0	16.88	11	100	4	1	0	0	1	1	1
644413581	0	14.80	1	100	4	10000	1	0	0	0	1
642580832	0	14.80	6	100	4	10000	1	0	0	0	1
642580697	0	14.80	3	100	4	10000	1	0	0	0	1
583985305	0	4.99	6	100	4	100	0	0	1	1	1
755265667	0	10.00	3	100	4	1	0	0	1	1	1
755797649	0	15.00	8	100	4	1	0	0	1	1	1
598697118	0	15.00	1	100	4	500000	1	0	0	0	1
755277208	0	13.00	6	100	4	1	0	0	1	1	1
607714409	1	9.50	12	80	3	1000000	1	0	0	0	0
644383743	0	14.80	1	100	4	100	1	0	0	0	1
760459511	0	10.00	3	100	4	1	0	0	1	1	1
583985209	0	4.97	1	100	4	100	0	0	1	1	1
760472207	0	9.88	4	100	4	1	0	0	1	1	1
646139033	0	14.80	6	100	4	200000	0	0	0	0	1
755282941	0	16.00	12	100	4	1	0	0	1	1	1
644409948	0	14.80	6	100	4	100000	1	0	0	0	1
760473650	0	16.00	13	100	4	1	0	0	1	1	1
762182496	0	14.88	11	100	4	1	0	0	1	1	1
762180975	0	9.00	3	100	4	1	0	0	1	1	1
637471972	0	14.80	3	100	4	100	1	0	0	0	1
578163857	0	4.08	7	100	4	100	0	0	1	1	1
762161034	0	9.00	2	100	4	1	0	0	1	1	1
591765127	0	15.00	12	100	4	500000	1	0	0	0	1
644400879	0	14.80	1	100	4	100000	1	0	0	0	1
757648807	0	7.88	1	100	4	1	0	0	1	1	1
602743715	1	10.10	24	60	2	1000000	1	0	0	0	0
637651576	0	14.80	3	100	4	50000	1	0	0	0	1
644408745	0	14.80	6	100	4	50000	1	0	0	0	1
760472102	0	6.00	1	100	4	1	0	0	1	1	1
760472192	0	6.88	2	100	4	1	0	0	1	1	1
644591646	0	14.80	6	100	4	50000	1	0	0	0	1
760469090	0	15.88	8	100	4	1	0	0	1	1	1
605101728	1	11.00	24	60	2	1000000	1	0	0	0	0
647816856	0	14.80	1	100	4	200000	1	0	0	0	1
767563910	1	7.50	24	60	2	1000000	1	0	0	0	0
605240347	1	11.00	24	60	2	1000000	1	0	0	0	0
762177801	0	14.88	7	100	4	1	0	0	1	1	1
753975742	1	7.50	24	80	3	1000000	0	0	1	1	1
757679560	0	12.88	8	100	4	1	0	0	1	1	1
760473554	0	12.88	7	100	4	1	0	0	1	1	1
636667257	0	5.00	1	100	4	1	0	0	1	1	1
612184374	1	11.00	24	60	2	1000000	1	0	0	0	0
641044441	0	14.80	6	100	4	500000	0	0	0	0	1
647817666	0	14.80	1	100	4	500000	1	0	0	0	1
647941314	0	14.80	3	100	4	500000	1	0	0	0	1
615085643	1	9.70	24	60	2	1000000	1	0	0	0	0
612084307	1	11.00	24	60	2	1000000	1	0	0	0	0
755244582	1	29.99	6	100	4	1000000	0	0	0	0	0
763361711	1	7.50	24	80	3	1000000	1	0	0	1	0
665713238	0	7.00	1	100	4	1	0	0	1	0	1
742416788	1	7.50	12	100	4	3000000	1	0	0	1	0
704259181	1	6.90	6	100	4	3000000	1	0	0	1	0
604413387	1	10.20	16	80	3	1000000	1	0	0	0	0
671610917	0	7.00	1	100	4	1	0	0	1	1	1
759235704	1	29.99	6	100	4	1000000	0	0	0	0	0
765088152	1	7.50	24	80	3	1000000	1	0	0	1	0
671661797	0	12.00	3	100	4	1	0	0	1	1	1
365557086	0	16.00	8	100	4	100	1	0	1	1	1
744119280	1	7.00	24	100	4	1000000	1	0	0	1	0
714427770	1	5.50	6	100	4	1000000	1	0	0	1	0
665902448	0	14.66	7	100	4	1	0	0	1	1	1
667680453	0	12.00	3	100	4	1	0	0	1	1	1
666699344	0	13.00	3	100	4	1	0	0	1	1	1
665902676	0	15.00	10	100	4	1	0	0	1	1	1
665902265	0	16.00	10	100	4	1	0	0	1	1	1
612781191	1	10.50	24	60	2	1000000	1	0	0	0	0
669930323	0	8.00	1	100	4	1	0	0	1	1	1
649686841	0	16.00	3	100	4	1	0	0	1	1	1
660783043	0	14.88	3	100	4	1	0	0	1	1	1
666699215	0	7.00	1	100	4	1	0	0	1	1	1
667680636	0	16.00	8	100	4	1	0	0	1	1	1
661579261	0	15.00	4	100	4	1	0	0	1	1	1
725512101	1	7.70	24	100	4	3000000	1	0	0	1	0
666699314	0	10.00	1	100	4	1	0	0	1	1	1
722028789	1	12.50	6	100	4	500000	1	0	0	1	0
707594542	1	7.00	36	100	4	1000000	1	0	0	1	0
673421844	0	16.00	6	100	4	1	0	0	1	1	1
602752190	1	9.60	24	60	2	1000000	1	0	0	0	0
660644254	0	7.00	1	100	4	1	0	0	1	1	1
714434682	1	7.60	24	80	3	1000000	1	0	0	1	0
707522956	1	7.00	24	80	3	1000000	1	0	0	1	0
669639464	0	5.00	1	100	4	1	0	0	1	1	1
649687114	0	15.00	6	100	4	1	0	0	1	1	1
653091889	0	5.00	1	100	4	1	0	0	1	1	1
660784189	0	14.88	9	100	4	1	0	0	1	1	1
665715260	0	7.99	1	100	4	1	0	0	1	0	1
711147504	1	9.00	18	100	4	1000000	1	0	0	1	0
745022414	1	9.00	3	100	4	1000000	1	0	0	1	0
612185772	1	10.00	12	80	3	3000000	1	0	0	0	0
607704662	1	9.80	24	60	2	1000000	1	0	0	0	0
612781725	1	9.80	24	60	2	1000000	1	0	0	0	0
604497923	1	10.30	24	60	2	1000000	1	0	0	0	0
597596041	1	9.20	12	60	2	1000000	1	0	0	0	0
607007505	1	10.50	24	60	2	1000000	1	0	0	0	0
614829654	1	9.20	24	80	3	1000000	1	0	0	0	0
619487028	1	9.80	24	80	3	1000000	1	0	0	0	0
605082080	1	11.00	24	60	2	1000000	1	0	0	0	0
612781860	1	6.80	6	80	3	1000000	1	0	0	0	0
605839813	1	11.00	36	80	3	1000000	1	0	0	0	0
603883870	1	10.00	12	80	3	1000000	1	0	0	0	0
606867639	1	10.50	24	60	2	1000000	1	0	0	0	0
602758466	1	10.00	24	60	2	1000000	1	0	0	0	0
769667369	1	29.99	6	80	3	1000000	0	0	0	0	0
744119451	1	7.70	24	100	4	3000000	1	0	0	1	0
456070349	1	18.00	12	100	4	3000000	0	0	0	-1	0
344268320	1	13.00	36	100	4	1000000	0	0	1	0	0
661587876	1	17.50	6	100	4	1000000	0	0	0	0	0
697706080	1	29.90	36	100	4	1000000	0	0	0	1	0
602758313	1	10.50	24	80	3	500000	1	0	0	0	0
393708727	0	15.87	12	100	4	100	1	0	1	1	1
662151703	1	29.90	6	100	4	1000000	0	0	0	0	0
615192491	1	9.60	18	80	3	1000000	1	0	0	0	0
609184178	1	10.00	24	60	2	1000000	1	0	0	0	0
602749778	1	9.00	12	80	3	1000000	1	0	0	0	0
602743613	1	10.30	24	60	2	1000000	1	0	0	0	0
609491397	1	9.00	12	80	3	500000	1	0	0	0	0
604498955	1	9.50	24	80	3	1000000	1	0	0	0	0
614492562	1	9.00	12	80	3	1000000	1	0	0	0	0
629501040	1	9.30	24	80	3	1000000	1	0	0	0	0
605241331	1	9.00	12	80	3	500000	1	0	0	0	0
622640035	1	8.00	12	80	3	1000000	1	0	0	0	0
599923885	1	9.20	12	60	2	1000000	1	0	0	0	0
603061079	1	10.20	24	80	3	1000000	1	0	0	0	0
751604443	1	7.50	24	100	4	1000000	0	0	0	0	0
604541259	1	10.50	24	80	3	1000000	1	0	0	0	0
612184503	1	9.50	24	80	3	1000000	1	0	0	0	0
661616970	1	17.50	6	100	4	1000000	0	0	0	0	0
599341024	1	10.20	24	80	3	1000000	1	0	0	0	0
612641750	1	10.20	24	80	3	1000000	1	0	0	0	0
634044633	1	9.80	24	60	2	1000000	1	0	0	0	0
620004441	1	10.00	24	80	3	1000000	1	0	0	0	0
609942451	1	10.20	24	80	3	1000000	1	0	0	0	0
654711442	1	17.50	6	100	4	1000000	0	0	0	0	0
612184788	1	10.00	24	60	2	1000000	1	0	0	0	0
613039060	1	9.00	12	80	3	1000000	1	0	0	0	0
610385171	1	10.30	24	60	2	1000000	1	0	0	0	0
667284743	1	29.90	6	100	4	2000000	0	0	0	0	0
599924071	1	9.00	12	80	3	1000000	1	0	0	0	0
616852152	1	9.70	15	60	2	1000000	1	0	0	0	0
604497509	1	10.00	24	60	2	1000000	1	0	0	0	0
599341537	1	10.00	24	60	2	1000000	1	0	0	0	0
610486117	1	9.50	12	80	3	1000000	1	0	0	0	0
741837202	1	7.80	6	60	2	1000000	1	0	0	0	0
606866502	1	10.30	24	60	2	1000000	1	0	0	0	0
609903775	1	9.00	12	80	3	1000000	1	0	0	0	0
599341492	1	11.50	24	60	2	1000000	1	0	0	0	0
604526397	1	10.50	24	80	3	1000000	1	0	0	0	0
597600292	1	10.20	24	60	2	1000000	1	0	0	0	0
650882222	0	18.00	16	100	4	1	0	0	1	1	1
650887160	0	18.00	12	100	4	1	0	0	1	1	1
651501792	0	6.00	2	100	4	1	0	0	1	1	1
650890790	0	5.00	1	100	4	1	0	0	1	1	1
617476464	0	8.00	1	100	4	1	0	0	1	1	1
673434075	0	13.00	4	100	4	1	0	0	1	1	1
649678481	0	9.00	12	100	4	1	0	0	1	1	1
651511890	0	13.00	8	100	4	1	0	0	1	1	1
650882303	0	16.00	15	100	4	1	0	0	1	1	1
645800353	0	16.88	10	100	4	1	0	0	1	1	1
665765066	0	16.00	6	100	4	1	0	0	1	1	1
660000564	0	12.00	3	100	4	1	0	0	1	1	1
660644344	0	15.88	7	100	4	1	0	0	1	1	1
610496095	0	8.00	1	100	4	1	0	0	1	1	1
651511152	0	12.00	7	100	4	1	0	0	1	1	1
617473572	0	8.00	1	100	4	1	0	0	1	1	1
660000591	0	13.00	4	100	4	1	0	0	1	1	1
644604190	0	11.00	6	100	4	1	0	0	1	1	1
658188098	0	11.00	2	100	4	1	0	0	1	1	1
645801748	0	15.99	13	100	4	1	0	0	1	1	1
651513192	0	14.00	9	100	4	1	0	0	1	1	1
645801784	0	10.99	5	100	4	1	0	0	1	1	1
617484780	0	8.00	1	100	4	1	0	0	1	1	1
645801775	0	18.10	13	100	4	1	0	0	1	1	1
645801769	0	16.66	9	100	4	1	0	0	1	1	1
660783952	0	13.00	4	100	4	1	0	0	1	1	1
645800374	0	15.99	11	100	4	1	0	0	1	1	1
644603131	0	10.00	5	100	4	1	0	0	1	1	1
750059893	3	4.25	5	60	2	50000	0	0	-1	-1	0
764398806	3	4.35	2	60	2	1000000	0	0	-1	-1	0
772363095	3	3.55	1	60	2	10000000	0	0	-1	-1	0
772363096	3	3.65	1	60	2	100000000	0	0	-1	-1	0
765345848	3	4.10	1	60	2	50000	0	0	-1	-1	0
765345849	3	4.30	3	60	2	50000	0	0	-1	-1	0
766644438	3	4.10	3	60	2	200000	0	0	-1	-1	0
766644445	3	3.00	3	20	0	50000	1	0	-1	-1	0
766644562	3	4.59	2	60	2	60000	0	0	-1	-1	0
766644435	3	3.85	4	60	2	50000	0	0	-1	-1	0
772363091	3	3.60	1	60	2	200000	0	0	-1	-1	0
772363092	3	3.65	1	60	2	1000000	0	0	-1	-1	0
769356929	3	3.70	1	60	2	50000	0	0	-1	-1	0
769356935	3	4.25	3	60	2	50000	0	0	-1	-1	0
769356938	3	4.25	6	60	2	50000	0	0	-1	-1	0
767223902	3	4.10	1	60	2	50000	0	0	-1	-1	0
767223903	3	4.00	2	60	2	50000	0	0	-1	-1	0
767223904	3	4.10	3	60	2	50000	0	0	-1	-1	0
767223905	3	4.20	6	60	2	50000	0	0	-1	-1	0
767223906	3	4.25	12	60	2	50000	0	0	-1	-1	0
768273039	3	4.15	3	60	2	50000	0	0	-1	-1	0
769356963	3	4.10	6	60	2	50000	0	0	-1	-1	0
769356964	3	4.10	12	60	2	50000	0	0	-1	-1	0
769356972	3	3.30	3	40	1	50000	0	0	-1	-1	0
769356973	3	3.95	1	60	2	50000	0	0	-1	-1	0
769356974	3	4.00	2	60	2	50000	0	0	-1	-1	0
769356975	3	4.05	3	60	2	50000	0	0	-1	-1	0
769356976	3	4.10	6	60	2	50000	0	0	-1	-1	0
769356977	3	4.15	12	60	2	50000	0	0	-1	-1	0
769356979	3	4.10	2	60	2	300000	0	0	-1	-1	0
769356980	3	3.40	6	60	2	50000	0	0	-1	-1	0
769356981	3	3.00	1	60	2	1000000	0	0	-1	-1	0
769356982	3	3.00	1	60	2	1000000	0	0	-1	-1	0
769356989	3	3.50	1	60	2	50000	0	0	-1	-1	0
769356941	3	4.15	1	60	2	50000	0	0	-1	-1	0
769356942	3	4.20	3	60	2	50000	0	0	-1	-1	0
769356943	3	3.50	1	60	2	50000	0	0	-1	-1	0
769356944	3	3.55	2	60	2	50000	0	0	-1	-1	0
769356945	3	3.60	3	60	2	50000	0	0	-1	-1	0
769356946	3	3.60	6	60	2	50000	0	0	-1	-1	0
769357021	3	4.05	2	60	2	100000	0	0	-1	-1	0
769357022	3	4.10	1	60	2	500000	0	0	-1	-1	0
769357023	3	4.10	3	60	2	100000	0	0	-1	-1	0
769357024	3	4.25	3	60	2	500000	0	0	-1	-1	0
769357025	3	4.15	4	60	2	100000	0	0	-1	-1	0
769357026	3	4.30	4	60	2	50000	0	0	-1	-1	0
769357027	3	3.70	3	40	1	50000	0	0	-1	-1	0
769357019	3	4.20	2	60	2	500000	0	0	-1	-1	0
769357020	3	3.95	1	60	2	100000	0	0	-1	-1	0
769356961	3	4.10	12	60	2	50000	0	0	-1	-1	0
769356962	3	4.05	3	60	2	50000	0	0	-1	-1	0
770256020	3	3.00	3	20	0	50000	1	0	-1	-1	0
770255958	3	4.35	3	60	2	100000	0	0	-1	-1	0
770256024	3	3.50	1	60	2	50000	0	0	-1	-1	0
770256025	3	3.60	2	60	2	50000	0	0	-1	-1	0
770256031	3	3.00	2	40	1	50000	0	0	-1	-1	0
770256034	3	4.10	2	60	2	1000000	0	0	-1	-1	0
770256071	3	3.45	2	20	0	50000	1	0	-1	-1	0
770256041	3	3.55	3	60	2	50000	0	0	-1	-1	0
770256042	3	3.55	6	60	2	50000	0	0	-1	-1	0
770256043	3	3.90	12	60	2	50000	0	0	-1	-1	0
770256039	3	3.65	5	60	2	200000	0	0	-1	-1	0
771274482	3	4.25	9	60	2	100000	0	0	-1	-1	0
771274520	3	3.55	3	60	2	100000000	0	0	-1	-1	0
771274521	3	3.55	2	60	2	100000000	0	0	-1	-1	0
771274498	3	4.70	1	60	2	50000	0	0	-1	-1	0
771274499	3	4.90	3	60	2	50000	0	0	-1	-1	0
771274501	3	5.00	12	60	2	50000	0	0	-1	-1	0
771274535	3	4.00	1	60	2	50000	0	0	-1	-1	0
771274538	3	4.20	5	60	2	50000	0	0	-1	-1	0
771274549	3	4.05	1	60	2	50000	0	0	-1	-1	0
771274550	3	4.15	2	60	2	50000	0	0	-1	-1	0
771274551	3	4.35	3	60	2	50000	0	0	-1	-1	0
771274552	3	4.50	6	60	2	50000	0	0	-1	-1	0
771274553	3	4.60	12	60	2	50000	0	0	-1	-1	0
771274554	3	4.65	6	60	2	500000	0	0	-1	-1	0
771274555	3	4.70	6	60	2	1000000	0	0	-1	-1	0
771274556	3	4.80	12	60	2	1000000	0	0	-1	-1	0
772363120	3	3.40	1	60	2	50000	0	0	-1	-1	0
771274548	3	3.55	1	20	0	50000	1	0	-1	-1	0
772363191	3	3.00	3	20	0	50000	1	0	-1	-1	0
772363197	3	3.55	6	60	2	100000000	0	0	-1	-1	0
772363199	3	3.55	6	60	2	100000000	0	0	-1	-1	0
772363207	3	3.70	1	60	2	300000	0	0	-1	-1	0
772363208	3	4.50	8	60	2	3000000	0	0	-1	-1	0
772363212	3	3.80	4	60	2	50000	0	0	-1	-1	0
772363213	3	3.70	3	60	2	50000	0	0	-1	-1	0
772363214	3	3.80	2	60	2	50000	0	0	-1	-1	0
772363215	3	3.95	4	60	2	50000	0	0	-1	-1	0
772363126	3	3.40	1	60	2	50000	0	0	-1	-1	0
772363127	3	3.50	2	60	2	50000	0	0	-1	-1	0
772363128	3	3.60	3	60	2	50000	0	0	-1	-1	0
772363129	3	3.60	6	60	2	50000	0	0	-1	-1	0
772363130	3	3.95	12	60	2	50000	0	0	-1	-1	0
772363131	3	4.00	12	60	2	50000	0	0	-1	-1	0
772363139	3	4.10	2	60	2	200000	0	0	-1	-1	0
772363325	3	4.20	1	60	2	50000	0	0	-1	-1	0
772363326	3	2.60	1	40	1	50000	0	0	-1	-1	0
772363328	3	2.50	1	40	1	50000	0	0	-1	-1	0
772363329	3	2.50	1	40	1	50000	0	0	-1	-1	0
765345850	3	4.30	7	60	2	50000	0	0	-1	-1	0
765345851	3	4.10	2	60	2	50000	0	0	-1	-1	0
765345853	3	4.30	1	60	2	200000	0	0	-1	-1	0
765345854	3	4.30	2	60	2	200000	0	0	-1	-1	0
765345862	3	4.10	1	60	2	50000	0	0	-1	-1	0
764398807	3	4.40	3	60	2	1000000	0	0	-1	-1	0
764398808	3	4.45	6	60	2	1000000	0	0	-1	-1	0
764398811	3	4.35	2	60	2	1000000	0	0	-1	-1	0
766644437	3	4.00	3	60	2	300000	0	0	-1	-1	0
766644442	3	3.95	3	60	2	200000	0	0	-1	-1	0
766644446	3	3.20	12	20	0	50000	1	0	-1	-1	0
764398813	3	4.45	6	60	2	1000000	0	0	-1	-1	0
764398814	3	4.30	1	60	2	1000000	0	0	-1	-1	0
764398815	3	4.35	1	60	2	2000000	0	0	-1	-1	0
772363084	3	4.00	1	60	2	50000	0	0	-1	-1	0
767223921	3	4.60	3	60	2	50000	0	0	-1	-1	0
767223923	3	4.60	3	60	2	50000	0	0	-1	-1	0
768272993	3	3.70	2	60	2	50000	0	0	-1	-1	0
766644454	3	4.25	6	60	2	100000	0	0	-1	-1	0
766644455	3	4.20	3	60	2	100000	0	0	-1	-1	0
766644456	3	4.30	12	60	2	100000	0	0	-1	-1	0
766644457	3	4.35	3	60	2	1000000	0	0	-1	-1	0
766644447	3	3.10	6	20	0	50000	1	0	-1	-1	0
766644448	3	3.00	3	20	0	50000	1	0	-1	-1	0
766644450	3	4.40	12	60	2	100000	0	0	-1	-1	0
766644453	3	4.10	1	60	2	100000	0	0	-1	-1	0
772363099	3	3.65	1	60	2	1000000	0	0	-1	-1	0
772363100	3	3.70	1	60	2	10000000	0	0	-1	-1	0
772363101	3	3.45	1	60	2	500000	0	0	-1	-1	0
772363102	3	3.55	1	60	2	10000000	0	0	-1	-1	0
767223898	3	2.40	18	60	2	8000美	0	0	-1	-1	0
767223899	3	2.05	12	60	2	8000美	0	0	-1	-1	0
769356931	3	3.60	3	60	2	50000	0	0	-1	-1	0
769356932	3	3.70	4	60	2	50000	0	0	-1	-1	0
769356933	3	4.10	3	60	2	50000	0	0	-1	-1	0
770255950	3	3.95	1	60	2	50000	0	0	-1	-1	0
770255951	3	3.95	1	60	2	50000	0	0	-1	-1	0
770255952	3	4.00	2	60	2	50000	0	0	-1	-1	0
770255953	3	4.05	5	60	2	50000	0	0	-1	-1	0
769356939	3	4.45	3	60	2	100000	0	0	-1	-1	0
769356940	3	4.25	12	60	2	50000	0	0	-1	-1	0
769356969	3	4.30	1	60	2	50000	0	0	-1	-1	0
769356990	3	3.65	2	60	2	50000	0	0	-1	-1	0
769356991	3	3.75	6	60	2	50000	0	0	-1	-1	0
769356992	3	4.50	6	60	2	50000	0	0	-1	-1	0
769357006	3	4.30	3	60	2	100000	0	0	-1	-1	0
769357007	3	4.40	6	60	2	100000	0	0	-1	-1	0
769357008	3	4.30	4	60	2	50000	0	0	-1	-1	0
769357009	3	4.40	6	60	2	50000	0	0	-1	-1	0
769357010	3	4.46	9	60	2	50000	0	0	-1	-1	0
769357011	3	4.50	12	60	2	50000	0	0	-1	-1	0
769357012	3	4.65	6	60	2	50000	0	0	-1	-1	0
769357015	3	3.60	1	60	2	50000	0	0	-1	-1	0
769357018	3	4.15	3	60	2	50000	0	0	-1	-1	0
768273009	3	4.15	6	60	2	50000	0	0	-1	-1	0
768273010	3	4.10	2	60	2	50000	0	0	-1	-1	0
768273011	3	4.10	1	60	2	50000	0	0	-1	-1	0
768273012	3	4.40	6	60	2	200000	0	0	-1	-1	0
768273013	3	2.70	1	40	1	50000	0	0	-1	-1	0
768273014	3	2.80	3	40	1	50000	0	0	-1	-1	0
768273015	3	2.90	6	40	1	50000	0	0	-1	-1	0
768273016	3	3.10	12	40	1	50000	0	0	-1	-1	0
768273024	3	4.40	3	60	2	200000	0	0	-1	-1	0
769356928	3	3.65	1	60	2	50000	0	0	-1	-1	0
769356930	3	3.50	2	60	2	50000	0	0	-1	-1	0
772363103	3	3.65	1	60	2	100000000	0	0	-1	-1	0
767223877	3	3.20	1	20	0	50000	1	0	-1	-1	0
769356926	3	3.80	9	60	2	50000	0	0	-1	-1	0
769356927	3	3.70	3	60	2	50000	0	0	-1	-1	0
770255986	3	9.10	3	60	2	300000	0	0	-1	-1	0
770255987	3	10.00	6	60	2	300000	0	0	-1	-1	0
770255988	3	3.95	1	60	2	200000	0	0	-1	-1	0
770255989	3	4.00	2	60	2	200000	0	0	-1	-1	0
770255990	3	4.06	6	60	2	200000	0	0	-1	-1	0
770255991	3	4.90	1	60	2	50000	0	0	-1	-1	0
770255992	3	4.10	2	60	2	50000	0	0	-1	-1	0
770255993	3	4.20	3	60	2	50000	0	0	-1	-1	0
770255994	3	4.50	3	60	2	500000	0	0	-1	-1	0
770255995	3	4.38	3	60	2	50000	0	0	-1	-1	0
770255969	3	3.65	6	20	0	50000	1	0	-1	-1	0
770255970	3	3.60	3	20	0	50000	1	0	-1	-1	0
770255971	3	3.80	9	20	0	50000	1	0	-1	-1	0
770255972	3	4.20	12	60	2	50000	0	0	-1	-1	0
770255973	3	3.10	1	20	0	50000	1	0	-1	-1	0
770255974	3	3.80	12	20	0	50000	1	0	-1	-1	0
770255975	3	4.20	6	60	2	50000	0	0	-1	-1	0
770255976	3	4.15	2	60	2	50000	0	0	-1	-1	0
770255977	3	4.80	2	60	2	50000	0	0	-1	-1	0
770255978	3	4.10	1	60	2	50000	0	0	-1	-1	0
769357030	3	4.00	1	60	2	50000	0	0	-1	-1	0
770255999	3	3.30	3	40	1	50000	0	0	-1	-1	0
770256000	3	4.10	1	60	2	50000	0	0	-1	-1	0
770256001	3	4.15	1	60	2	200000	0	0	-1	-1	0
770256002	3	4.20	3	60	2	50000	0	0	-1	-1	0
770256003	3	4.25	3	60	2	200000	0	0	-1	-1	0
770256004	3	4.30	6	60	2	50000	0	0	-1	-1	0
770256005	3	4.35	6	60	2	200000	0	0	-1	-1	0
769357042	3	2.80	3	20	0	100000	1	0	-1	-1	0
769357043	3	3.10	9	20	0	100000	1	0	-1	-1	0
769357044	3	3.20	12	20	0	100000	1	0	-1	-1	0
769357045	3	2.70	1	20	0	100000	1	0	-1	-1	0
769357034	3	5.05	12	60	2	50000	0	0	-1	-1	0
769357035	3	5.10	12	60	2	50000	0	0	-1	-1	0
769357036	3	3.95	3	60	2	100000	0	0	-1	-1	0
769357037	3	4.00	12	60	2	100000	0	0	-1	-1	0
769357038	3	4.00	6	60	2	100000	0	0	-1	-1	0
769357039	3	3.95	2	60	2	100000	0	0	-1	-1	0
769357033	3	5.00	12	60	2	50000	0	0	-1	-1	0
769357040	3	3.95	1	60	2	100000	0	0	-1	-1	0
769357028	3	4.40	6	60	2	50000	0	0	-1	-1	0
769357029	3	4.30	3	60	2	50000	0	0	-1	-1	0
770255985	3	8.00	1	60	2	300000	0	0	-1	-1	0
769357041	3	3.00	6	20	0	50000	1	0	-1	-1	0
770256019	3	1.90	11	60	2	8000美	0	0	-1	-1	0
770256021	3	3.00	3	20	0	50000	1	0	-1	-1	0
770256022	3	3.55	2	60	2	50000	0	0	-1	-1	0
770256026	3	4.20	5	60	2	50000	0	0	-1	-1	0
770256027	3	3.80	2	60	2	50000	0	0	-1	-1	0
770256028	3	3.80	2	60	2	50000	0	0	-1	-1	0
770256029	3	3.85	2	60	2	50000	0	0	-1	-1	0
770256030	3	4.00	1	60	2	50000	0	0	-1	-1	0
770256032	3	4.10	6	60	2	50000	0	0	-1	-1	0
770256033	3	4.20	3	60	2	10000000	0	0	-1	-1	0
770256035	3	3.20	3	20	0	50000	1	0	-1	-1	0
770256036	3	3.30	6	20	0	50000	1	0	-1	-1	0
770256037	3	4.40	12	60	2	50000	0	0	-1	-1	0
770256038	3	2.30	12	60	2	8000美	0	0	-1	-1	0
770256006	3	4.30	12	60	2	50000	0	0	-1	-1	0
770256007	3	4.35	12	60	2	200000	0	0	-1	-1	0
770256008	3	4.40	12	60	2	50000	0	0	-1	-1	0
770256009	3	4.40	12	60	2	50000	0	0	-1	-1	0
770256010	3	4.20	1	60	2	1000000	0	0	-1	-1	0
770256011	3	4.30	3	60	2	1000000	0	0	-1	-1	0
770256017	3	4.10	3	60	2	50000	0	0	-1	-1	0
770256018	3	1.30	6	60	2	8000美	0	0	-1	-1	0
770255982	3	3.15	6	40	1	50000	0	0	-1	-1	0
770255983	3	3.15	12	40	1	50000	0	0	-1	-1	0
770255984	3	1.75	6	60	2	8000美	0	0	-1	-1	0
770255964	3	4.45	3	60	2	200000	0	0	-1	-1	0
770255965	3	4.40	1	60	2	200000	0	0	-1	-1	0
770255966	3	5.20	3	60	2	100000	0	0	-1	-1	0
770255996	3	4.40	6	60	2	50000	0	0	-1	-1	0
770255997	3	4.40	12	60	2	50000	0	0	-1	-1	0
770255998	3	3.10	1	40	1	50000	0	0	-1	-1	0
770256066	3	3.55	12	20	0	50000	1	0	-1	-1	0
770256067	3	3.60	12	20	0	50000	1	0	-1	-1	0
770256068	3	3.50	6	20	0	50000	1	0	-1	-1	0
770256069	3	3.30	3	20	0	50000	1	0	-1	-1	0
770256070	3	3.20	1	20	0	50000	1	0	-1	-1	0
770256072	3	3.40	3	20	0	50000	1	0	-1	-1	0
770256073	3	3.50	1	40	1	50000	0	0	-1	-1	0
770256074	3	3.80	3	40	1	50000	0	0	-1	-1	0
770256075	3	3.65	5	40	1	50000	0	0	-1	-1	0
771274446	3	3.80	4	60	2	500000	0	0	-1	-1	0
771274448	3	3.80	6	60	2	500000	0	0	-1	-1	0
771274452	3	4.00	1	60	2	50000	0	0	-1	-1	0
771274453	3	4.05	1	60	2	200000	0	0	-1	-1	0
771274454	3	4.10	1	60	2	1000000	0	0	-1	-1	0
771274438	3	3.90	1	60	2	50000	0	0	-1	-1	0
771274439	3	3.95	2	60	2	50000	0	0	-1	-1	0
771274440	3	4.00	6	60	2	50000	0	0	-1	-1	0
772363111	3	3.45	1	60	2	50000	0	0	-1	-1	0
772363112	3	3.50	1	60	2	200000	0	0	-1	-1	0
772363113	3	3.55	1	60	2	1000000	0	0	-1	-1	0
772363114	3	3.60	1	60	2	10000000	0	0	-1	-1	0
772363115	3	3.35	1	60	2	500000	0	0	-1	-1	0
772363116	3	3.45	1	60	2	10000000	0	0	-1	-1	0
772363117	3	3.55	1	60	2	100000000	0	0	-1	-1	0
770256049	3	4.00	1	60	2	50000	0	0	-1	-1	0
770256050	3	4.00	3	60	2	50000	0	0	-1	-1	0
770256051	3	4.10	3	60	2	50000	0	0	-1	-1	0
770256052	3	3.20	1	40	1	50000	0	0	-1	-1	0
770256053	3	3.50	2	40	1	50000	0	0	-1	-1	0
770256054	3	3.60	6	40	1	50000	0	0	-1	-1	0
770256055	3	3.80	12	40	1	50000	0	0	-1	-1	0
771274491	3	4.00	3	60	2	50000	0	0	-1	-1	0
771274492	3	3.95	3	60	2	200000	0	0	-1	-1	0
771274493	3	4.00	3	60	2	300000	0	0	-1	-1	0
771274494	3	4.00	4	60	2	300000	0	0	-1	-1	0
771274495	3	4.20	6	60	2	200000	0	0	-1	-1	0
771274496	3	3.80	2	60	2	50000	0	0	-1	-1	0
771274497	3	4.20	3	60	2	1000000	0	0	-1	-1	0
771274500	3	4.90	6	60	2	50000	0	0	-1	-1	0
771274502	3	3.40	6	40	1	50000	0	0	-1	-1	0
770256063	3	4.10	5	60	2	50000	0	0	-1	-1	0
770256064	3	3.48	3	20	0	50000	1	0	-1	-1	0
770256065	3	3.53	3	20	0	50000	1	0	-1	-1	0
771274519	3	0.65	5	40	1	6000	0	0	-1	-1	0
771274523	3	3.90	1	60	2	100000	0	0	-1	-1	0
771274524	3	3.90	2	60	2	100000	0	0	-1	-1	0
771274525	3	3.95	4	60	2	100000	0	0	-1	-1	0
771274518	3	0.55	11	40	1	65000	0	0	-1	-1	0
771274532	3	4.10	3	60	2	50000	0	0	-1	-1	0
771274533	3	4.25	6	60	2	50000	0	0	-1	-1	0
771274534	3	3.90	1	60	2	50000	0	0	-1	-1	0
771274536	3	4.20	6	60	2	50000	0	0	-1	-1	0
771274537	3	4.15	6	60	2	50000	0	0	-1	-1	0
771274486	3	4.40	6	60	2	300000	0	0	-1	-1	0
771274487	3	4.20	2	60	2	50000	0	0	-1	-1	0
771274488	3	4.30	6	60	2	50000	0	0	-1	-1	0
771274489	3	3.85	3	60	2	50000	0	0	-1	-1	0
771274490	3	4.30	8	60	2	1000000	0	0	-1	-1	0
771274462	3	4.10	2	60	2	1000000	0	0	-1	-1	0
771274463	3	4.05	2	60	2	50000	0	0	-1	-1	0
771274464	3	4.05	2	60	2	100000	0	0	-1	-1	0
771274511	3	3.65	7	60	2	50000	0	0	-1	-1	0
771274512	3	0.35	1	40	1	8000美	0	0	-1	-1	0
771274513	3	0.55	5	40	1	8000美	0	0	-1	-1	0
771274514	3	0.75	11	40	1	8000美	0	0	-1	-1	0
771274515	3	1.95	5	40	1	12000	0	0	-1	-1	0
771274483	3	3.35	3	20	0	50000	1	0	-1	-1	0
771274484	3	4.10	4	60	2	50000	0	0	-1	-1	0
771274543	3	3.75	2	40	1	50000	0	0	-1	-1	0
771274544	3	3.95	1	60	2	50000	0	0	-1	-1	0
771274545	3	3.95	4	40	1	50000	0	0	-1	-1	0
771274546	3	4.15	3	60	2	50000	0	0	-1	-1	0
771274508	3	3.65	1	60	2	50000	0	0	-1	-1	0
771274509	3	3.65	2	60	2	50000	0	0	-1	-1	0
771274510	3	3.65	4	60	2	50000	0	0	-1	-1	0
771274542	3	4.05	2	60	2	50000	0	0	-1	-1	0
771274557	3	5.00	4	60	2	50000	0	0	-1	-1	0
771274558	3	4.05	12	60	2	50000	0	0	-1	-1	0
771274517	3	0.35	5	40	1	65000	0	0	-1	-1	0
772363141	3	4.15	3	60	2	500000	0	0	-1	-1	0
772363142	3	4.10	1	60	2	50000	0	0	-1	-1	0
772363143	3	4.15	3	60	2	50000	0	0	-1	-1	0
772363144	3	4.10	3	60	2	50000	0	0	-1	-1	0
772363145	3	4.25	3	60	2	50000	0	0	-1	-1	0
772363146	3	4.25	3	60	2	50000	0	0	-1	-1	0
772363147	3	4.25	3	60	2	50000	0	0	-1	-1	0
772363148	3	4.25	3	60	2	50000	0	0	-1	-1	0
772363149	3	4.25	3	60	2	50000	0	0	-1	-1	0
772363150	3	4.15	3	60	2	50000	0	0	-1	-1	0
772363151	3	4.50	3	60	2	50000	0	0	-1	-1	0
772363152	3	4.25	2	60	2	50000	0	0	-1	-1	0
772363153	3	4.25	2	60	2	50000	0	0	-1	-1	0
772363154	3	4.25	2	60	2	50000	0	0	-1	-1	0
772363155	3	4.25	2	60	2	50000	0	0	-1	-1	0
772363156	3	4.15	2	60	2	50000	0	0	-1	-1	0
772363157	3	4.05	1	60	2	50000	0	0	-1	-1	0
771274569	3	3.13	1	20	0	50000	1	0	-1	-1	0
772363171	3	4.00	2	60	2	50000	0	0	-1	-1	0
772363172	3	4.10	3	60	2	50000	0	0	-1	-1	0
772363173	3	4.10	1	60	2	50000	0	0	-1	-1	0
772363174	3	4.00	2	60	2	50000	0	0	-1	-1	0
772363175	3	4.10	3	60	2	50000	0	0	-1	-1	0
771274570	3	3.15	1	20	0	50000	1	0	-1	-1	0
771274539	3	4.15	3	60	2	50000	0	0	-1	-1	0
771274540	3	4.10	1	60	2	50000	0	0	-1	-1	0
771274541	3	3.80	3	40	1	50000	0	0	-1	-1	0
771274516	3	2.25	11	40	1	12000	0	0	-1	-1	0
772363135	3	2.40	18	60	2	8000美	0	0	-1	-1	0
771274573	3	4.20	3	60	2	3000000	0	0	-1	-1	0
771274574	3	4.10	3	60	2	1000000	0	0	-1	-1	0
771274575	3	4.15	6	60	2	1000000	0	0	-1	-1	0
771274576	3	4.20	12	60	2	1000000	0	0	-1	-1	0
771274579	3	5.00	3	60	2	1000000	0	0	-1	-1	0
771274580	3	4.80	6	60	2	50000	0	0	-1	-1	0
771274581	3	4.00	1	60	2	50000	0	0	-1	-1	0
771274582	3	3.00	1	40	1	50000	0	0	-1	-1	0
771274583	3	3.95	1	60	2	50000	0	0	-1	-1	0
771274584	3	4.10	6	60	2	50000	0	0	-1	-1	0
771274585	3	4.25	5	60	2	3000000	0	0	-1	-1	0
772363176	3	4.20	6	60	2	50000	0	0	-1	-1	0
772363177	3	4.25	12	60	2	50000	0	0	-1	-1	0
772363178	3	4.90	1	60	2	50000	0	0	-1	-1	0
772363179	3	4.40	3	60	2	50000	0	0	-1	-1	0
772363180	3	4.40	3	60	2	200000	0	0	-1	-1	0
772363181	3	4.50	1	60	2	50000	0	0	-1	-1	0
772363182	3	4.15	3	60	2	50000	0	0	-1	-1	0
772363183	3	4.15	3	60	2	50000	0	0	-1	-1	0
772363119	3	1.40	12	60	2	9000美	0	0	-1	-1	0
771274567	3	2.15	12	60	2	8000美	0	0	-1	-1	0
771274568	3	1.40	6	60	2	60000	0	0	-1	-1	0
772363138	3	4.05	2	60	2	200000	0	0	-1	-1	0
772363140	3	4.20	5	60	2	500000	0	0	-1	-1	0
772363217	3	2.70	2	40	1	50000	0	0	-1	-1	0
772363218	3	2.85	12	40	1	50000	0	0	-1	-1	0
772363219	3	3.80	3	60	2	50000	0	0	-1	-1	0
772363220	3	3.70	2	60	2	50000	0	0	-1	-1	0
772363160	3	4.20	6	60	2	50000	0	0	-1	-1	0
772363161	3	4.25	6	60	2	50000	0	0	-1	-1	0
772363162	3	4.15	6	60	2	50000	0	0	-1	-1	0
772363163	3	3.45	1	60	2	50000	0	0	-1	-1	0
772363164	3	3.50	1	60	2	200000	0	0	-1	-1	0
772363165	3	3.55	1	60	2	1000000	0	0	-1	-1	0
772363200	3	3.00	3	40	1	50000	0	0	-1	-1	0
772363201	3	4.70	9	60	2	1000000	0	0	-1	-1	0
772363202	3	4.40	1	60	2	1000000	0	0	-1	-1	0
772363203	3	4.50	3	60	2	1000000	0	0	-1	-1	0
772363204	3	4.25	5	60	2	50000	0	0	-1	-1	0
772363205	3	4.20	2	60	2	50000	0	0	-1	-1	0
772363206	3	4.10	3	60	2	300000	0	0	-1	-1	0
772363210	3	3.60	3	60	2	100000	0	0	-1	-1	0
772363216	3	2.30	1	40	1	50000	0	0	-1	-1	0
772363189	3	3.50	12	60	2	100000	0	0	-1	-1	0
772363158	3	4.05	1	60	2	50000	0	0	-1	-1	0
772363159	3	4.10	1	60	2	50000	0	0	-1	-1	0
772363166	3	3.60	1	60	2	10000000	0	0	-1	-1	0
772363234	3	4.10	1	60	2	1000000	0	0	-1	-1	0
772363235	3	4.15	1	60	2	3000000	0	0	-1	-1	0
772363236	3	4.05	1	60	2	50000	0	0	-1	-1	0
772363184	3	4.15	2	60	2	50000	0	0	-1	-1	0
772363185	3	4.20	3	60	2	50000	0	0	-1	-1	0
772363186	3	3.60	1	60	2	100000	0	0	-1	-1	0
772363187	3	3.60	2	60	2	100000	0	0	-1	-1	0
772363188	3	3.50	3	60	2	100000	0	0	-1	-1	0
772363221	3	3.80	3	60	2	50000	0	0	-1	-1	0
772363222	3	4.00	4	60	2	50000	0	0	-1	-1	0
772363192	3	3.04	6	20	0	50000	1	0	-1	-1	0
772363193	3	3.65	1	20	0	50000	1	0	-1	-1	0
772363194	3	2.60	1	40	1	50000	0	0	-1	-1	0
772363195	3	2.70	2	40	1	50000	0	0	-1	-1	0
772363280	3	4.80	4	60	2	50000	0	0	-1	-1	0
772363281	3	4.15	1	60	2	50000	0	0	-1	-1	0
772363282	3	4.10	1	60	2	50000	0	0	-1	-1	0
772363283	3	3.70	1	60	2	50000	0	0	-1	-1	0
772363284	3	4.20	10	60	2	50000	0	0	-1	-1	0
772363285	3	4.20	2	60	2	50000	0	0	-1	-1	0
772363286	3	3.60	1	60	2	50000	0	0	-1	-1	0
772363287	3	4.25	5	60	2	50000	0	0	-1	-1	0
772363288	3	2.50	3	40	1	50000	0	0	-1	-1	0
772363289	3	4.05	1	60	2	100000	0	0	-1	-1	0
772363290	3	4.10	3	60	2	100000	0	0	-1	-1	0
772363258	3	3.15	1	40	1	200000	0	0	-1	-1	0
772363259	3	3.10	2	40	1	50000	0	0	-1	-1	0
772363260	3	3.15	2	40	1	200000	0	0	-1	-1	0
772363261	3	3.05	2	40	1	50000	0	0	-1	-1	0
772363262	3	3.10	2	40	1	200000	0	0	-1	-1	0
772363271	3	4.15	3	60	2	50000	0	0	-1	-1	0
772363275	3	3.50	5	40	1	50000	0	0	-1	-1	0
772363276	3	4.20	1	60	2	50000	0	0	-1	-1	0
772363277	3	4.25	2	60	2	50000	0	0	-1	-1	0
772363278	3	4.30	3	60	2	50000	0	0	-1	-1	0
772363279	3	4.40	6	60	2	50000	0	0	-1	-1	0
772363293	3	3.13	3	20	0	50000	1	0	-1	-1	0
772363294	3	3.25	3	20	0	50000	1	0	-1	-1	0
772363295	3	4.80	6	40	1	50000	0	0	-1	-1	0
772363296	3	4.15	1	60	2	100000	0	0	-1	-1	0
772363297	3	4.05	2	60	2	100000	0	0	-1	-1	0
772363298	3	4.15	12	60	2	50000	0	0	-1	-1	0
772363299	3	4.10	1	60	2	50000	0	0	-1	-1	0
772363247	3	4.30	4	60	2	3000000	0	0	-1	-1	0
772363248	3	4.10	6	60	2	50000	0	0	-1	-1	0
772363249	3	4.15	6	60	2	200000	0	0	-1	-1	0
772363250	3	4.20	6	60	2	1000000	0	0	-1	-1	0
772363251	3	4.25	6	60	2	3000000	0	0	-1	-1	0
772363291	3	4.05	4	60	2	100000	0	0	-1	-1	0
772363239	3	4.20	1	60	2	3000000	0	0	-1	-1	0
772363240	3	4.10	3	60	2	50000	0	0	-1	-1	0
772363241	3	4.15	3	60	2	200000	0	0	-1	-1	0
772363242	3	4.20	3	60	2	1000000	0	0	-1	-1	0
772363243	3	4.25	3	60	2	3000000	0	0	-1	-1	0
772363303	3	1.40	12	60	2	9000美	0	0	-1	-1	0
772363304	3	2.90	1	20	0	50000	1	0	-1	-1	0
772363305	3	3.00	3	20	0	50000	1	0	-1	-1	0
772363306	3	3.10	6	20	0	50000	1	0	-1	-1	0
772363339	3	4.30	12	60	2	1000000	0	0	-1	-1	0
772363309	3	3.10	6	20	0	50000	1	0	-1	-1	0
772363310	3	3.20	12	20	0	50000	1	0	-1	-1	0
772363311	3	3.30	12	20	0	100000	1	0	-1	-1	0
772363312	3	4.15	3	60	2	100000	0	0	-1	-1	0
772363313	3	4.15	1	60	2	100000	0	0	-1	-1	0
772363314	3	4.05	2	60	2	100000	0	0	-1	-1	0
772363347	3	1.62	6	20	0	8500美	1	0	-1	-1	0
772363348	3	1.54	6	20	0	8500美	1	0	-1	-1	0
772363349	3	3.80	1	60	2	50000	0	0	-1	-1	0
772363316	3	4.25	6	60	2	100000	0	0	-1	-1	0
772363317	3	4.30	12	60	2	100000	0	0	-1	-1	0
772363318	3	4.20	4	60	2	50000	0	0	-1	-1	0
772363319	3	3.65	6	60	2	200000	0	0	-1	-1	0
772363320	3	2.80	2	40	1	50000	0	0	-1	-1	0
772363321	3	4.25	2	60	2	50000	0	0	-1	-1	0
772363322	3	4.25	3	60	2	50000	0	0	-1	-1	0
772363334	3	4.10	12	60	2	300000	0	0	-1	-1	0
772363270	3	3.20	12	40	1	50000	0	0	-1	-1	0
772363335	3	4.05	3	60	2	300000	0	0	-1	-1	0
772363336	3	4.00	1	60	2	1000000	0	0	-1	-1	0
772363337	3	4.25	3	60	2	1000000	0	0	-1	-1	0
772363338	3	4.30	6	60	2	1000000	0	0	-1	-1	0
772363340	3	3.70	1	60	2	50000	0	0	-1	-1	0
772363341	3	3.80	2	60	2	50000	0	0	-1	-1	0
772363315	3	4.15	3	60	2	100000	0	0	-1	-1	0
