678719297	2	0.94	1	40	1	1	0	1	1	0	0
608397952	2	-46.45	1	80	3	1000	0	1	0	0	0
608397412	2	-31.19	1	80	3	2000	0	1	0	0	0
706179869	2	0.10	1	60	2	1000	0	1	0	0	0
608398624	2	-5.62	1	40	1	10	0	1	0	0	0
615352068	2	-3.50	1	100	4	10	0	1	0	0	0
613540814	2	6.82	1	40	1	100	0	1	0	0	0
608396857	2	6.24	1	40	1	1	0	1	0	0	0
608399146	2	1.30	1	100	4	1000	0	1	0	0	0
713656034	2	3.07	1	0	5	10	0	1	0	0	0
608396614	2	7.48	1	100	4	10	0	1	1	0	0
615349647	2	1.52	1	40	1	10	0	1	0	0	0
705285788	2	0.00	1	100	4	10	0	1	0	0	0
615349974	2	-18.17	1	40	1	1000	0	1	0	0	0
615350040	2	2.69	1	20	0	5000000	0	1	0	0	0
613540430	2	-45.44	1	80	3	1000	0	1	0	0	0
617292271	2	-1.10	1	40	1	1000	0	1	0	0	0
608399128	2	-3.42	1	100	4	10	0	1	0	0	0
608397496	2	-45.15	1	80	3	1000	0	1	0	0	0
615351414	2	2.29	1	20	0	5000000	0	1	0	0	0
608396470	2	2.22	1	20	0	5000000	0	1	0	0	0
615350523	2	-29.67	1	80	3	10	0	1	0	0	0
615352020	2	-18.92	1	100	4	10	0	1	0	0	0
613542620	2	-26.00	1	80	3	1000	0	1	0	0	0
490641409	2	2.04	1	20	0	1	0	1	0	0	0
615351369	2	7.31	1	40	1	10	0	1	0	0	0
615350844	2	2.20	1	20	0	5000000	0	1	0	0	0
613540319	2	3.47	1	40	1	10	0	1	0	0	0
608396719	2	-19.72	1	80	3	1	0	1	0	0	0
615350886	2	8.72	1	40	1	10	0	1	0	0	0
613541372	2	3.84	1	40	1	1000	0	1	0	0	0
741431744	2	0.10	1	0	5	1	0	1	1	0	0
613542146	2	-50.68	1	80	3	10	0	1	0	0	0
615349653	2	2.95	1	40	1	10	0	1	1	0	0
613540790	2	-15.31	1	80	3	1000	0	1	0	0	0
608397772	2	-7.20	1	40	1	1	0	1	0	0	0
615350784	2	2.19	1	20	0	0	0	1	0	0	0
711544668	2	-10.60	1	0	5	10	0	1	0	0	0
608397307	2	5.66	1	40	1	5000	0	1	0	0	0
613540439	2	-48.57	1	80	3	1000	0	1	0	0	0
615349563	2	3.65	1	40	1	1000	0	1	1	0	0
608398669	2	-22.85	1	100	4	10	0	1	0	0	0
667962333	2	1.20	1	80	3	1000	0	1	0	0	0
613541015	2	-22.68	1	80	3	10	0	1	0	0	0
615351942	2	2.52	1	80	3	10	0	1	0	0	0
608398993	2	3.00	1	80	3	100	0	1	0	0	0
608398069	2	2.24	1	20	0	5000000	0	1	0	0	0
615350655	2	-38.07	1	80	3	1000	0	1	0	0	0
608397196	2	9.70	1	40	1	10	0	1	0	0	0
615350442	2	-24.57	1	80	3	10	0	1	0	0	0
642587227	2	-24.90	1	100	4	100	0	1	0	0	0
613542584	2	0.50	1	80	3	100	0	1	0	0	0
615350790	2	10.10	1	40	1	100	0	1	0	0	0
615350310	2	1.35	1	40	1	10	0	1	0	0	0
681540237	2	0.10	1	40	1	1000	0	1	0	0	0
613541276	2	-30.49	1	80	3	10	0	1	0	0	0
608396698	2	-39.05	1	80	3	1000	0	1	0	0	0
615350853	2	-38.77	1	80	3	10	0	1	0	0	0
676247252	2	-16.90	1	100	4	10	0	1	0	0	0
613541978	2	-43.12	1	80	3	1000	0	1	0	0	0
690971824	2	2.10	1	100	4	1000	0	1	0	0	0
613541522	2	-12.16	1	40	1	10	0	1	0	0	0
608397745	2	-57.14	1	80	3	1000	0	1	0	0	0
615349797	2	-40.12	1	80	3	100	0	1	0	0	0
704576485	2	4.80	1	0	5	10	0	1	0	0	0
613541093	2	-33.19	1	40	1	10	0	1	0	0	0
613540181	2	-25.08	1	80	3	10	0	1	0	0	0
608398816	2	2.07	1	80	3	100	0	1	0	0	0
608398939	2	-13.96	1	100	4	1000	0	1	0	0	0
615351276	2	-44.13	1	40	1	10	0	1	0	0	0
613540094	2	-39.35	1	80	3	10	0	1	0	0	0
613541630	2	1.03	1	40	1	10	0	1	0	0	0
363593346	2	-24.95	1	80	3	10	0	1	0	0	0
431934033	2	2.51	1	20	0	0	0	1	0	0	0
615350532	2	-39.76	1	80	3	10	0	1	0	0	0
608396446	2	-40.93	1	100	4	10	0	1	0	0	0
615350418	2	-43.55	1	80	3	10	0	1	0	0	0
615351906	2	0.50	1	80	3	500	0	1	0	0	0
608398903	2	-46.49	1	100	4	10	0	1	0	0	0
615350118	2	3.27	1	20	0	1	0	1	0	0	0
615350277	2	3.87	1	80	3	10	0	1	0	0	0
657872262	2	2.50	1	40	1	1000	0	1	0	0	0
613541240	2	-1.37	1	40	1	1000	0	1	1	0	0
608396665	2	-45.30	1	80	3	1000	0	1	0	0	0
615350823	2	-22.25	1	80	3	1	0	1	0	0	0
673503026	2	8.73	1	80	3	10	0	1	0	0	0
615349434	2	6.90	1	40	1	10	0	1	0	0	0
613541102	2	-35.42	1	80	3	1000	0	1	0	0	0
720129344	2	0.20	1	0	5	500	0	1	0	0	0
608398453	2	-35.90	1	100	4	10	0	1	0	0	0
684144696	2	-10.00	1	80	3	500	0	1	0	0	0
613540490	2	-50.75	1	80	3	1000	0	1	0	0	0
608397718	2	-45.31	1	80	3	1000	0	1	0	0	0
615349776	2	70.68	1	40	1	10	0	1	0	0	0
700925320	2	-0.90	1	80	3	1	0	1	0	0	0
613541066	2	-50.65	1	80	3	10	0	1	0	0	0
608398099	2	-50.57	1	100	4	10	0	1	0	0	0
608396344	2	2.82	1	40	1	10	0	1	0	0	0
608398882	2	-2.90	1	80	3	10	0	1	0	0	0
615351201	2	2.83	1	40	1	1000	0	1	0	0	0
613540346	2	2.29	1	20	0	1000	0	1	0	0	0
615350595	2	4.78	1	40	1	10	0	1	0	0	0
571012796	2	3.77	1	40	1	100	0	1	0	0	0
377343530	2	-39.52	1	80	3	10	0	1	0	0	0
615350349	2	5.98	1	40	1	1000	0	1	0	0	0
608396422	2	-39.56	1	100	4	10	0	1	0	0	0
615350388	2	3.28	1	80	3	10	0	1	0	0	0
613540199	2	88.42	1	100	4	100	0	1	0	0	0
615350364	2	-2.04	1	40	1	10	0	1	0	0	0
613541306	2	-36.40	1	80	3	1000	0	1	0	0	0
613541366	2	52.97	1	80	3	100	0	1	0	0	0
615350250	2	-59.23	1	40	1	100	0	1	0	0	0
613542728	2	-30.68	1	100	4	10	0	1	0	0	0
613540226	2	2.32	1	60	2	10000	0	1	0	0	0
608397406	2	-39.87	1	100	4	10	0	1	0	0	0
615350751	2	-41.50	1	80	3	100	0	1	0	0	0
615350949	2	-45.84	1	80	3	1000	0	1	0	0	0
608398117	2	1.65	1	40	1	10	0	1	0	0	0
613541552	2	-36.73	1	80	3	10	0	1	0	0	0
608398231	2	3.58	1	20	0	1000	0	1	0	0	0
615351858	2	-30.65	1	100	4	500	0	1	0	0	0
613540463	2	-4.14	1	40	1	1000	0	1	0	0	0
608397697	2	2.64	1	20	0	5000000	0	1	0	0	0
615349755	2	-12.43	1	40	1	1	0	1	0	0	0
697640765	2	6.20	1	100	4	100	0	1	0	0	0
608397223	2	-32.65	1	100	4	100	0	1	0	0	0
613542176	2	4.42	1	40	1	10	0	1	1	0	0
613541519	2	3.74	1	40	1	10	0	1	0	0	0
615349818	2	6.66	1	40	1	1000	0	1	0	0	0
615351135	2	-31.12	1	100	4	1	0	1	0	0	0
613540268	2	5.08	1	40	1	10	0	1	0	0	0
615351831	2	-29.04	1	80	3	10	0	1	0	0	0
755645833	2	0.10	1	0	5	10	0	1	1	0	0
608397817	2	-37.48	1	80	3	1000	0	1	0	0	0
615349488	2	4.86	1	40	1	1000	0	1	0	0	0
608396359	2	5.81	1	40	1	1000	0	1	0	0	0
613542230	2	-48.64	1	80	3	10	0	1	0	0	0
751989163	2	0.00	1	0	5	1000	0	1	1	0	0
613542365	2	-29.36	1	100	4	10	0	1	0	0	0
613540751	2	19.74	1	40	1	100	0	1	0	0	0
637510973	2	2.60	1	20	0	5000000	0	1	0	0	0
615351780	2	-30.24	1	100	4	10	0	1	0	0	0
613541192	2	-47.89	1	80	3	1000	0	1	0	0	0
608397379	2	2.29	1	20	0	0	0	1	0	0	0
615350718	2	2.60	1	20	0	5000000	0	1	0	0	0
615350919	2	-6.77	1	40	1	100	0	1	0	0	0
613540769	2	-35.67	1	80	3	100	0	1	0	0	0
608398048	2	4.95	1	40	1	1000	0	1	0	0	0
702628950	2	0.70	1	80	3	1000	0	1	0	0	0
613541591	2	-37.73	1	100	4	10	0	1	0	0	0
613540613	2	-55.09	1	80	3	10	0	1	0	0	0
608396842	2	-46.88	1	80	3	100	0	1	0	0	0
615349722	2	-32.96	1	100	4	1000	0	1	0	0	0
700850195	2	-3.60	1	80	3	10	0	1	0	0	0
608397133	2	-39.13	1	80	3	100	0	1	0	0	0
608398672	2	5.85	1	40	1	1	0	1	0	0	0
615350286	2	0.00	1	20	0	0	0	1	0	0	0
608398822	2	-43.31	1	100	4	1000	0	1	0	0	0
615351090	2	-45.10	1	80	3	1000	0	1	0	0	0
613541843	2	-36.90	1	80	3	100	0	1	0	0	0
613541489	2	-45.83	1	100	4	10	0	1	0	0	0
608397934	2	-47.46	1	80	3	100	0	1	0	0	0
613541921	2	4.44	1	100	4	50000	0	1	1	0	0
740744797	2	0.00	1	0	5	100	0	1	1	0	0
608396773	2	-37.37	1	80	3	1000	0	1	0	0	0
615350826	2	-35.61	1	80	3	1	0	1	0	0	0
608397025	2	1.93	1	20	0	0	0	1	0	0	0
613540955	2	-34.36	1	100	4	1000	0	1	0	0	0
615351720	2	-40.38	1	80	3	1000	0	1	0	0	0
613542335	2	3.08	1	80	3	10	0	1	0	0	0
613540031	2	3.81	1	20	0	100	0	1	1	0	0
634974608	2	-1.60	1	40	1	1	0	1	0	0	0
615349500	2	-5.99	1	80	3	10	0	1	0	0	0
613541156	2	2.16	1	40	1	100	0	1	0	0	0
608397346	2	-38.45	1	100	4	1000	0	1	0	0	0
615350634	2	1.43	1	80	3	10	0	1	0	0	0
615351996	2	-28.82	1	100	4	10	0	1	0	0	0
615349317	2	-32.61	1	80	3	500	0	1	0	0	0
608397172	2	-30.42	1	80	3	500	0	1	0	0	0
615349680	2	9.80	1	40	1	10	0	1	1	0	0
615351738	2	2.10	1	80	3	10	0	1	0	0	0
608396818	2	-13.56	1	80	3	10	0	1	0	0	0
615349698	2	-30.12	1	80	3	10	0	1	0	0	0
695731345	2	-0.90	1	80	3	500	0	1	0	0	0
608397049	2	-18.57	1	40	1	1000	0	1	0	0	0
608398507	2	5.08	1	20	0	1000	0	1	1	0	0
667727426	2	1.00	1	80	3	10	0	1	0	0	0
608398786	2	4.21	1	80	3	1	0	1	0	0	0
615351039	2	-48.01	1	100	4	10	0	1	0	0	0
613541750	2	-14.98	1	80	3	10	0	1	0	0	0
613542671	2	-33.68	1	100	4	10	0	1	0	0	0
608396953	2	4.58	1	40	1	10	0	1	0	0	0
613541726	2	-42.55	1	80	3	1000	0	1	0	0	0
615351663	2	-40.39	1	80	3	100	0	1	0	0	0
608398303	2	2.68	1	20	0	5000000	0	1	0	0	0
615350214	2	-53.86	1	80	3	10	0	1	0	0	0
608397367	2	-35.28	1	80	3	10	0	1	0	0	0
608398963	2	-25.50	1	100	4	1000	0	1	0	0	0
750059613	2	0.00	1	0	5	1000	0	1	0	0	0
615351693	2	-25.96	1	100	4	10	0	1	0	0	0
613542263	2	-9.39	1	80	3	10	0	1	0	0	0
628843356	2	6.86	1	40	1	1	0	1	1	0	0
613540529	2	6.85	1	40	1	100	0	1	1	0	0
613541126	2	-34.29	1	80	3	10	0	1	0	0	0
608396560	2	-24.86	1	80	3	1000	0	1	0	0	0
613542521	2	-54.44	1	100	4	100	0	1	0	0	0
664222678	2	2.04	1	80	3	10	0	1	0	0	0
615081483	2	-18.96	1	100	4	10	0	1	0	0	0
608397019	2	1.67	1	40	1	10	0	1	0	0	0
608397577	2	3.92	1	40	1	100	0	1	1	0	0
613541444	2	-22.91	1	80	3	10	0	1	0	0	0
613542695	2	6.30	1	100	4	1	0	1	0	0	0
613540574	2	-40.91	1	100	4	1000	0	1	0	0	0
615349659	2	-28.05	1	80	3	500	0	1	0	0	0
695723662	2	0.50	1	80	3	10	0	1	0	0	0
431933988	2	1.46	1	20	0	10	0	1	0	0	0
608397730	2	-41.05	1	80	3	1000	0	1	0	0	0
770255949	2	0.00	1	0	5	1000	0	1	1	0	0
611333976	2	1.63	1	20	0	5000000	0	1	0	0	0
624256959	2	-0.80	1	40	1	1000	0	1	0	0	0
613540697	2	-7.10	1	40	1	1000	0	1	0	0	0
608396680	2	9.36	1	40	1	1000	0	1	0	0	0
608396920	2	-33.91	1	80	3	100	0	1	0	0	0
615349968	2	11.08	1	40	1	1000	0	1	0	0	0
720938728	2	-1.30	1	0	5	10	0	1	0	0	0
608398213	2	4.64	1	40	1	1000	0	1	1	0	0
615350001	2	-40.11	1	80	3	10	0	1	0	0	0
615350487	2	-14.62	1	100	4	10	0	1	1	0	0
608398771	2	1.39	1	80	3	10	0	1	0	0	0
608396341	2	12.43	1	100	4	10	0	1	1	0	0
615350088	2	4.67	1	40	1	100	0	1	0	0	0
613540259	2	3.88	1	40	1	10	0	1	0	0	0
615350151	2	-26.97	1	40	1	1	0	1	0	0	0
613540526	2	-40.94	1	80	3	10	0	1	0	0	0
613540121	2	-38.57	1	80	3	1000	0	1	0	0	0
615350613	2	2.38	1	20	0	1000	0	1	0	0	0
608396530	2	8.66	1	40	1	1000	0	1	0	0	0
613542485	2	-34.70	1	80	3	10	0	1	0	0	0
662953853	2	-0.10	1	80	3	1000	0	1	0	0	0
613541570	2	4.29	1	80	3	10	0	1	0	0	0
608396794	2	-1.18	1	40	1	1000	0	1	0	0	0
608397043	2	24.48	1	100	4	50000	0	1	0	0	0
613541411	2	-6.71	1	40	1	1	0	1	0	0	0
615351999	2	-38.58	1	100	4	10	0	1	0	0	0
613541363	2	-39.59	1	100	4	10	0	1	0	0	0
608396788	2	-14.84	1	80	3	1	0	1	0	0	0
694181002	2	0.40	1	100	4	10	0	1	0	0	0
490641928	2	8.00	1	60	2	1000	0	1	0	0	0
608397586	2	-34.41	1	80	3	10	0	1	0	0	0
615351918	2	2.40	1	80	3	1000	0	1	0	0	0
608398129	2	-27.38	1	80	3	100	0	1	0	0	0
617047081	2	20.50	1	80	3	1000	0	1	1	0	0
613541672	2	-4.06	1	80	3	1000	0	1	0	0	0
608397847	2	-52.60	1	40	1	1	0	1	0	0	0
615351627	2	-47.73	1	100	4	100	0	1	0	0	0
726767112	2	0.10	1	0	5	1	0	1	1	0	0
608396647	2	-25.23	1	80	3	1000	0	1	0	0	0
615350955	2	-1.37	1	40	1	10	0	1	1	0	0
770390123	2	0.00	1	0	5	10	0	1	1	0	0
615350010	2	2.29	1	80	3	1	0	1	0	0	0
608398459	2	9.06	1	100	4	100	0	1	0	0	0
615350067	2	-27.23	1	80	3	1000	0	1	0	0	0
613540175	2	-7.21	1	100	4	10	0	1	1	0	0
621873034	2	2.80	1	40	1	1	0	1	0	0	0
608398024	2	1.73	1	40	1	5000	0	1	1	0	0
608397541	2	-39.75	1	100	4	1000	0	1	0	0	0
608398123	2	2.29	1	20	0	0	0	1	0	0	0
608396503	2	-22.46	1	80	3	10	0	1	0	0	0
613542455	2	4.80	1	80	3	1000	0	1	0	0	0
615352056	2	-14.57	1	100	4	10	0	1	0	0	0
613542659	2	11.10	1	60	2	1000	0	1	0	0	0
608396569	2	5.48	1	40	1	10	0	1	1	0	0
492154062	2	19.76	1	100	4	0	0	1	0	0	0
654908140	2	-14.00	1	80	3	1	0	1	0	0	0
613542698	2	-26.08	1	100	4	10	0	1	0	0	0
613541330	2	-44.74	1	80	3	10	0	1	0	0	0
571012775	2	20.40	1	40	1	1000	0	1	1	0	0
615350541	2	3.48	1	40	1	10	0	1	0	0	0
679688393	2	-10.60	1	80	3	10	0	1	0	0	0
448525099	2	2.44	1	20	0	0	0	1	0	0	0
608397424	2	-2.28	1	40	1	1000	0	1	0	0	0
715791490	2	0.40	1	0	5	1	0	1	1	0	0
608398627	2	-39.11	1	80	3	100	0	1	0	0	0
615352071	2	-4.10	1	100	4	1	0	1	0	0	0
613540823	2	-30.05	1	100	4	10	0	1	0	0	0
608396860	2	-39.79	1	100	4	10	0	1	0	0	0
615351600	2	-40.41	1	80	3	1	0	1	0	0	0
715063135	2	0.00	1	0	5	1000	0	1	1	0	0
608396617	2	-27.11	1	80	3	10	0	1	0	0	0
615349662	2	-49.14	1	80	3	500	0	1	0	0	0
754005572	2	0.00	1	0	5	1000	0	1	0	0	0
615349977	2	-22.86	1	80	3	10	0	1	0	0	0
615350043	2	-4.74	1	40	1	10	0	1	0	0	0
613540433	2	-45.22	1	80	3	1000	0	1	0	0	0
617662048	2	-0.24	1	100	4	100	0	1	0	0	0
608399134	2	-7.00	1	80	3	1000	0	1	0	0	0
608397499	2	4.94	1	40	1	1000	0	1	0	0	0
613540586	2	2.56	1	20	0	5000000	0	1	0	0	0
608396473	2	-5.59	1	40	1	1000	0	1	0	0	0
615350526	2	-39.30	1	80	3	10000	0	1	0	0	0
615352026	2	-27.85	1	100	4	10	0	1	0	0	0
613542623	2	-31.34	1	100	4	1000	0	1	0	0	0
490641415	2	2.28	1	20	0	1000	0	1	0	0	0
615351372	2	4.58	1	20	0	10	0	1	1	0	0
615351648	2	-25.93	1	80	3	1000	0	1	0	0	0
613540322	2	-44.39	1	80	3	10	0	1	0	0	0
608396722	2	-51.12	1	40	1	10	0	1	0	0	0
615349377	2	-29.45	1	80	3	1	0	1	0	0	0
613541375	2	-33.26	1	80	3	10	0	1	0	0	0
736213633	2	-0.10	1	0	5	10	0	1	0	0	0
613542149	2	-25.59	1	80	3	10	0	1	0	0	0
658311283	2	-1.60	1	40	1	10	0	1	1	0	0
613540793	2	2.39	1	20	0	0	0	1	0	0	0
608397775	2	-27.64	1	80	3	1000	0	1	0	0	0
613542131	2	-9.08	1	40	1	10	0	1	0	0	0
712150219	2	-6.40	1	0	5	1000	0	1	0	0	0
608397313	2	5.24	1	40	1	5000	0	1	0	0	0
613540466	2	-36.11	1	80	3	1000	0	1	0	0	0
615350889	2	4.14	1	40	1	10	0	1	0	0	0
608398678	2	4.16	1	80	3	10	0	1	0	0	0
668358943	2	-5.90	1	100	4	100	0	1	0	0	0
613541021	2	13.98	1	40	1	10	0	1	0	0	0
615351948	2	-23.93	1	100	4	1000	0	1	0	0	0
608399002	2	-45.02	1	100	4	10	0	1	0	0	0
608398072	2	-28.44	1	100	4	50000	0	1	1	0	0
608397304	2	2.62	1	20	0	100	0	1	0	0	0
608397205	2	-8.30	1	40	1	10	0	1	0	0	0
615350499	2	-1.00	1	40	1	10	0	1	0	0	0
642687351	2	-7.16	1	100	4	10	0	1	0	0	0
613542587	2	1.86	1	80	3	10	0	1	0	0	0
615351042	2	7.00	1	40	1	100	0	1	0	0	0
615350313	2	-42.59	1	80	3	10	0	1	0	0	0
615350292	2	-37.65	1	80	3	10	0	1	0	0	0
613541279	2	-20.96	1	80	3	10	0	1	0	0	0
608396701	2	2.90	1	80	3	10	0	1	0	0	0
615350856	2	-42.21	1	100	4	10	0	1	0	0	0
677971672	2	2.63	1	20	0	5000000	0	1	0	0	0
613541990	2	2.10	1	80	3	1	0	1	0	0	0
691733008	2	-2.80	1	100	4	1	0	1	0	0	0
613541525	2	3.60	1	40	1	10	0	1	0	0	0
608397751	2	-31.77	1	100	4	10	0	1	0	0	0
615350757	2	-39.80	1	100	4	500	0	1	0	0	0
705350258	2	-6.50	1	80	3	10	0	1	0	0	0
613541096	2	-29.94	1	80	3	1000	0	1	0	0	0
613540253	2	-3.77	1	40	1	1	0	1	0	0	0
613540295	2	3.29	1	40	1	100	0	1	1	0	0
608398945	2	-1.20	1	80	3	10	0	1	0	0	0
615351279	2	-44.59	1	100	4	10	0	1	0	0	0
613540097	2	-10.56	1	40	1	10	0	1	0	0	0
613541633	2	-37.79	1	40	1	500	0	1	0	0	0
608396866	2	3.75	1	40	1	100	0	1	0	0	0
436904556	2	-43.01	1	80	3	1	0	1	0	0	0
615350550	2	-33.19	1	80	3	10	0	1	0	0	0
608397163	2	-35.48	1	100	4	1000	0	1	0	0	0
615350421	2	-39.54	1	100	4	10	0	1	0	0	0
615351915	2	-1.10	1	80	3	1	0	1	0	0	0
608398912	2	-29.40	1	80	3	10	0	1	0	0	0
615350190	2	0.73	1	20	0	100	0	1	1	0	0
615350280	2	3.20	1	20	0	500	0	1	1	0	0
661459375	2	2.40	1	20	0	0	0	1	0	0	0
613541246	2	-52.87	1	80	3	1000	0	1	0	0	0
608396668	2	-26.17	1	80	3	10	0	1	0	0	0
615350829	2	-30.30	1	100	4	1	0	1	0	0	0
673656933	2	-10.20	1	100	4	1000	0	1	0	0	0
615349437	2	3.00	1	40	1	10	0	1	0	0	0
613541117	2	-34.38	1	80	3	10	0	1	0	0	0
700856456	2	1.30	1	80	3	100	0	1	0	0	0
608398456	2	-42.99	1	100	4	10	0	1	0	0	0
684144705	2	6.14	1	100	4	10	0	1	0	0	0
613540496	2	-30.01	1	80	3	100	0	1	0	0	0
608397721	2	-18.42	1	80	3	1000	0	1	0	0	0
615349779	2	-27.79	1	100	4	10	0	1	0	0	0
701111508	2	-1.03	1	80	3	1000	0	1	0	0	0
613541072	2	-19.61	1	40	1	10	0	1	0	0	0
608398102	2	4.56	1	40	1	100	0	1	0	0	0
608396833	2	4.60	1	40	1	1000	0	1	0	0	0
608398885	2	-6.70	1	80	3	10	0	1	0	0	0
615351228	2	-47.18	1	80	3	1000	0	1	0	0	0
613540049	2	-39.55	1	100	4	1000	0	1	0	0	0
615350598	2	-43.33	1	80	3	1000	0	1	0	0	0
572810955	2	4.16	1	40	1	100	0	1	0	0	0
377568075	2	-41.83	1	80	3	1000	0	1	0	0	0
615350361	2	5.77	1	40	1	1	0	1	0	0	0
608396425	2	2.35	1	20	0	0	0	1	0	0	0
615350394	2	2.54	1	20	0	5000000	0	1	0	0	0
615351882	2	-52.00	1	100	4	10	0	1	0	0	0
613541309	2	23.60	1	40	1	10	0	1	0	0	0
613541390	2	9.42	1	40	1	100	0	1	0	0	0
615350253	2	9.62	1	40	1	1000	0	1	0	0	0
613541873	2	-5.28	1	80	3	10	0	1	0	0	0
613540229	2	6.22	1	80	3	1000	0	1	0	0	0
608397415	2	2.04	1	20	0	100	0	1	0	0	0
615350754	2	62.13	1	40	1	100	0	1	0	0	0
615350958	2	-39.19	1	80	3	10	0	1	0	0	0
615349407	2	-37.47	1	80	3	10	0	1	0	0	0
613541579	2	-17.13	1	100	4	1000	0	1	0	0	0
613541399	2	3.08	1	20	0	1000	0	1	0	0	0
615351867	2	-42.95	1	80	3	10	0	1	0	0	0
613540469	2	-46.24	1	100	4	10	0	1	0	0	0
608397700	2	9.32	1	40	1	10	0	1	0	0	0
615349758	2	2.61	1	20	0	5000000	0	1	0	0	0
697691759	2	2.70	1	80	3	1000	0	1	1	0	0
613541036	2	-40.46	1	80	3	10	0	1	0	0	0
613542179	2	-35.27	1	80	3	10	0	1	0	0	0
613542569	2	1.50	1	80	3	10	0	1	0	0	0
615349821	2	-39.80	1	80	3	10	0	1	0	0	0
615351141	2	-37.34	1	80	3	1000	0	1	0	0	0
613540274	2	-35.79	1	80	3	5000	0	1	0	0	0
615351834	2	-27.70	1	100	4	500	0	1	0	0	0
755697471	2	0.10	1	0	5	1000	0	1	1	0	0
608397820	2	-12.23	1	40	1	1000	0	1	0	0	0
615349518	2	4.02	1	40	1	1000	0	1	0	0	0
608396365	2	-34.66	1	100	4	1000	0	1	0	0	0
613542239	2	-30.60	1	100	4	1000	0	1	0	0	0
753247670	2	0.04	1	0	5	1000	0	1	1	0	0
613542368	2	-49.45	1	80	3	10	0	1	0	0	0
613540763	2	-3.53	1	100	4	100	0	1	1	0	0
637521398	2	-12.34	1	100	4	1000	0	1	0	0	0
615351813	2	-29.47	1	80	3	10	0	1	0	0	0
613541195	2	2.52	1	20	0	5000000	0	1	0	0	0
608397382	2	3.33	1	40	1	10	0	1	0	0	0
615350721	2	-45.68	1	100	4	10	0	1	0	0	0
615350922	2	-47.47	1	100	4	10	0	1	0	0	0
608398087	2	-51.69	1	80	3	100	0	1	0	0	0
608396620	2	-3.56	1	40	1	5000	0	1	0	0	0
754005581	2	0.00	1	0	5	1000	0	1	1	0	0
613541603	2	3.48	1	40	1	1000	0	1	1	0	0
613540616	2	5.32	1	80	3	10	0	1	0	0	0
608396845	2	1.63	1	20	0	100	0	1	0	0	0
615349725	2	-43.58	1	100	4	10	0	1	0	0	0
700851998	2	0.80	1	80	3	10	0	1	0	0	0
608397136	2	-36.08	1	80	3	100	0	1	0	0	0
608398675	2	-45.69	1	100	4	100	0	1	0	0	0
764914214	2	0.00	1	0	5	1000	0	1	0	0	0
615349800	2	-39.74	1	100	4	100	0	1	0	0	0
615351093	2	-46.02	1	80	3	1000	0	1	0	0	0
613541855	2	-40.61	1	80	3	1	0	1	0	0	0
615351696	2	-37.67	1	100	4	10	0	1	0	0	0
613541942	2	15.78	1	80	3	100	0	1	0	0	0
742478150	2	0.30	1	0	5	10	0	1	1	0	0
608397796	2	-1.47	1	80	3	1	0	1	0	0	0
615350841	2	7.66	1	40	1	1	0	1	0	0	0
608396335	2	3.10	1	80	3	10	0	1	0	0	0
613540967	2	-16.30	1	80	3	10	0	1	0	0	0
615351723	2	-31.67	1	100	4	10	0	1	0	0	0
613542344	2	-25.88	1	80	3	100	0	1	0	0	0
613540034	2	9.90	1	100	4	50000	0	1	1	0	0
635390335	2	-14.60	1	80	3	10	0	1	0	0	0
615349596	2	-9.50	1	80	3	10	0	1	0	0	0
613541162	2	-27.26	1	80	3	5000	0	1	0	0	0
608397349	2	-29.78	1	100	4	5000	0	1	0	0	0
615350640	2	8.72	1	40	1	10	0	1	0	0	0
615350892	2	5.72	1	40	1	10	0	1	1	0	0
613540727	2	2.35	1	20	0	5000000	0	1	0	0	0
608397931	2	-31.65	1	80	3	10	0	1	0	0	0
613540721	2	0.00	1	20	0	0	0	1	0	0	0
615351741	2	-49.18	1	100	4	10	0	1	0	0	0
608396821	2	2.37	1	20	0	1	0	1	0	0	0
615349701	2	-25.22	1	100	4	10	0	1	0	0	0
699313358	2	-0.30	1	40	1	10	0	1	0	0	0
608397052	2	3.96	1	40	1	10	0	1	0	0	0
608398558	2	5.23	1	40	1	1000	0	1	0	0	0
747850248	2	0.10	1	0	5	100	0	1	0	0	0
608398789	2	0.20	1	80	3	1	0	1	0	0	0
615351045	2	2.96	1	20	0	5000000	0	1	0	0	0
613541762	2	4.20	1	40	1	1000	0	1	1	0	0
613542674	2	-36.78	1	100	4	10	0	1	0	0	0
608397904	2	-44.35	1	100	4	10	0	1	0	0	0
613541735	2	2.16	1	80	3	1000	0	1	0	0	0
734502384	2	-0.10	1	0	5	10	0	1	1	0	0
608398315	2	-48.45	1	100	4	1000	0	1	0	0	0
615350220	2	-40.56	1	80	3	500	0	1	0	0	0
615349989	2	-42.67	1	100	4	1000	0	1	0	0	0
608398966	2	-17.30	1	100	4	100	0	1	0	0	0
765463996	2	0.00	1	0	5	10	0	1	1	0	0
615351702	2	-55.41	1	80	3	1	0	1	0	0	0
613542266	2	-7.66	1	80	3	10	0	1	0	0	0
628910384	2	-10.00	1	80	3	10	0	1	0	0	0
613540532	2	2.76	1	20	0	5000000	0	1	0	0	0
613541132	2	-24.08	1	80	3	1000	0	1	0	0	0
608396563	2	4.78	1	40	1	1000	0	1	0	0	0
613542524	2	-42.30	1	80	3	1000	0	1	0	0	0
665005691	2	7.53	1	80	3	10	0	1	0	0	0
615349299	2	5.33	1	40	1	1	0	1	1	0	0
608397079	2	-28.82	1	80	3	10	0	1	0	0	0
608397676	2	3.79	1	20	0	1000	0	1	0	0	0
613541447	2	-3.48	1	40	1	2000	0	1	0	0	0
613542707	2	2.84	1	20	0	0	0	1	0	0	0
613540577	2	-35.49	1	100	4	1000	0	1	0	0	0
615349665	2	-49.66	1	80	3	500	0	1	0	0	0
695723665	2	0.60	1	80	3	10	0	1	0	0	0
608397028	2	12.44	1	100	4	1000	0	1	1	0	0
608397736	2	-4.47	1	40	1	10	0	1	0	0	0
768523709	2	0.00	1	0	5	1000	0	1	1	0	0
612057991	2	-3.20	1	100	4	1000	0	1	0	0	0
624628419	2	4.40	1	80	3	10	0	1	0	0	0
613540700	2	-1.84	1	40	1	1000	0	1	0	0	0
613540358	2	9.57	1	40	1	1000	0	1	0	0	0
608396923	2	-13.64	1	100	4	1000	0	1	0	0	0
615349971	2	4.12	1	40	1	10	0	1	0	0	0
720962144	2	-1.40	1	0	5	10	0	1	0	0	0
608398219	2	-46.44	1	80	3	1000	0	1	0	0	0
615350028	2	-39.44	1	80	3	10	0	1	0	0	0
608398813	2	-39.09	1	80	3	100	0	1	0	0	0
608398774	2	-32.92	1	100	4	10	0	1	0	0	0
608396509	2	-5.44	1	100	4	10	0	1	1	0	0
615350091	2	3.70	1	20	0	1000	0	1	0	0	0
613542242	2	-33.85	1	80	3	10	0	1	0	0	0
615350154	2	-8.96	1	80	3	1	0	1	0	0	0
613541645	2	-49.04	1	80	3	1000	0	1	0	0	0
613540124	2	-41.16	1	100	4	1000	0	1	0	0	0
695726164	2	2.12	1	20	0	0	0	1	0	0	0
608396533	2	-40.97	1	80	3	10	0	1	0	0	0
613542488	2	-24.90	1	80	3	100	0	1	0	0	0
662953856	2	27.30	1	80	3	1000	0	1	0	0	0
613541573	2	11.16	1	40	1	10	0	1	0	0	0
608396797	2	-1.57	1	40	1	1000	0	1	0	0	0
608397088	2	46.81	1	80	3	100	0	1	0	0	0
613541417	2	-26.12	1	80	3	1	0	1	0	0	0
613540550	2	-29.69	1	80	3	10	0	1	0	0	0
608396791	2	-43.37	1	80	3	1000	0	1	0	0	0
694181005	2	-2.30	1	100	4	10	0	1	0	0	0
492154386	2	6.02	1	40	1	10	0	1	0	0	0
608397595	2	-46.56	1	80	3	10	0	1	0	0	0
615351921	2	0.80	1	80	3	1000	0	1	0	0	0
608398144	2	2.25	1	40	1	1000	0	1	0	0	0
622184672	2	6.00	1	80	3	1000	0	1	0	0	0
613541675	2	-15.57	1	40	1	100	0	1	1	0	0
608397850	2	-41.52	1	100	4	1	0	1	0	0	0
615351630	2	-15.58	1	100	4	10	0	1	0	0	0
727514803	2	-2.00	1	0	5	10	0	1	1	0	0
608398168	2	-11.60	1	80	3	100	0	1	0	0	0
615350973	2	6.89	1	40	1	1000	0	1	0	0	0
772119375	2	0.00	1	0	5	10	0	1	1	0	0
615350013	2	-46.48	1	80	3	1000	0	1	0	0	0
613540205	2	-16.69	1	100	4	10	0	1	1	0	0
615350070	2	1.06	1	80	3	1000	0	1	0	0	0
613540184	2	-26.92	1	60	2	10	0	1	0	0	0
622184669	2	-29.20	1	80	3	1000	0	1	0	0	0
608398210	2	3.63	1	20	0	5000000	0	1	0	0	0
608397547	2	-1.86	1	40	1	10	0	1	0	0	0
592269690	2	2.42	1	20	0	1	0	1	0	0	0
608396506	2	-14.05	1	40	1	10	0	1	0	0	0
613542461	2	-1.10	1	80	3	1000	0	1	0	0	0
615352062	2	-20.72	1	100	4	10	0	1	0	0	0
613542662	2	-11.30	1	80	3	1	0	1	0	0	0
608396575	2	28.11	1	40	1	10	0	1	0	0	0
492154110	2	2.02	1	20	0	1000	0	1	0	0	0
655029373	2	-13.90	1	80	3	10	0	1	0	0	0
613542701	2	-26.30	1	100	4	10	0	1	0	0	0
613541342	2	-39.73	1	80	3	10	0	1	0	0	0
571621736	2	-0.19	1	80	3	10	0	1	0	0	0
615350553	2	-6.42	1	40	1	10	0	1	0	0	0
680251099	2	-2.20	1	80	3	1000	0	1	0	0	0
449425266	2	2.69	1	20	0	5000000	0	1	0	0	0
608397430	2	2.74	1	40	1	100	0	1	0	0	0
724198130	2	0.30	1	0	5	100	0	1	0	0	0
608398633	2	-48.77	1	100	4	10	0	1	0	0	0
615352107	2	3.43	1	80	3	10	0	1	0	0	0
613541651	2	-49.17	1	100	4	10	0	1	0	0	0
608396872	2	-26.65	1	80	3	10	0	1	0	0	0
615351603	2	-48.93	1	80	3	10	0	1	0	0	0
721851825	2	-0.60	1	0	5	1000	0	1	1	0	0
608396623	2	-3.85	1	40	1	5000	0	1	0	0	0
615349671	2	18.00	1	40	1	1000	0	1	0	0	0
702628944	2	1.80	1	40	1	10	0	1	1	0	0
615349983	2	4.50	1	40	1	1000	0	1	0	0	0
615350046	2	5.33	1	40	1	10	0	1	0	0	0
613540436	2	52.96	1	40	1	1000	0	1	0	0	0
617919814	2	1.40	1	100	4	10	0	1	0	0	0
608396977	2	-31.52	1	100	4	10	0	1	0	0	0
608397514	2	-1.49	1	40	1	10	0	1	0	0	0
613541867	2	2.91	1	20	0	5000000	0	1	0	0	0
608396482	2	6.12	1	40	1	10	0	1	0	0	0
615350529	2	-32.78	1	100	4	5000	0	1	0	0	0
615352035	2	-27.11	1	100	4	10	0	1	0	0	0
613542626	2	-24.73	1	80	3	1	0	1	0	0	0
490641451	2	7.38	1	20	0	100	0	1	0	0	0
615351375	2	-46.16	1	40	1	10	0	1	0	0	0
681540240	2	-2.50	1	80	3	10	0	1	0	0	0
613540325	2	-22.98	1	80	3	500	0	1	0	0	0
555671820	2	-45.23	1	80	3	1	0	1	0	0	0
615349380	2	-31.07	1	80	3	1	0	1	0	0	0
677971675	2	-10.10	1	80	3	1000	0	1	0	0	0
613541414	2	1.33	1	40	1	1	0	1	0	0	0
748379591	2	-0.10	1	0	5	10	0	1	1	0	0
613542152	2	2.37	1	20	0	0	0	1	0	0	0
658325755	2	1.13	1	80	3	10	0	1	0	0	0
613540796	2	2.59	1	80	3	1000	0	1	0	0	0
608397778	2	-46.23	1	80	3	1000	0	1	0	0	0
613542134	2	-8.63	1	40	1	10	0	1	0	0	0
712338242	2	0.40	1	0	5	100	0	1	0	0	0
608397322	2	-30.31	1	80	3	10000	0	1	0	0	0
613540487	2	-38.74	1	80	3	1000	0	1	0	0	0
615350985	2	4.18	1	40	1	10	0	1	1	0	0
608398687	2	-26.08	1	100	4	1000	0	1	0	0	0
668358949	2	4.77	1	40	1	10	0	1	0	0	0
613541024	2	-42.64	1	80	3	1	0	1	0	0	0
615351951	2	-22.81	1	100	4	1000	0	1	0	0	0
608399011	2	-29.60	1	100	4	100	0	1	0	0	0
608398075	2	5.02	1	40	1	10	0	1	0	0	0
608397310	2	1.96	1	20	0	100	0	1	0	0	0
608397208	2	-40.88	1	100	4	10	0	1	0	0	0
615350505	2	-9.78	1	80	3	0	0	1	0	0	0
645683914	2	-20.40	1	80	3	1000	0	1	0	0	0
613542596	2	0.83	1	40	1	10	0	1	1	0	0
615351291	2	13.34	1	100	4	1	0	1	1	0	0
615350316	2	-38.72	1	80	3	10	0	1	0	0	0
615350403	2	-51.81	1	100	4	10	0	1	0	0	0
613541282	2	-49.73	1	80	3	10	0	1	0	0	0
608396704	2	-37.14	1	100	4	10	0	1	0	0	0
615350859	2	-6.96	1	40	1	1000	0	1	0	0	0
613541993	2	-38.51	1	100	4	10	0	1	0	0	0
615349458	2	-37.88	1	100	4	10	0	1	0	0	0
613541528	2	-44.95	1	100	4	1000	0	1	0	0	0
608397754	2	-43.65	1	80	3	10	0	1	0	0	0
615350763	2	-32.19	1	80	3	1000	0	1	0	0	0
708676427	2	2.11	1	0	5	10	0	1	0	0	0
613541099	2	-33.16	1	80	3	1000	0	1	0	0	0
613540304	2	-34.55	1	80	3	5000	0	1	0	0	0
615349965	2	6.88	1	40	1	10	0	1	0	0	0
608398948	2	5.70	1	80	3	1000	0	1	0	0	0
615351282	2	65.93	1	40	1	10	0	1	0	0	0
613540100	2	-22.68	1	80	3	10	0	1	0	0	0
613541636	2	4.06	1	40	1	10	0	1	1	0	0
608396938	2	-20.86	1	60	2	10	0	1	0	0	0
549062760	2	7.37	1	100	4	500	0	1	1	0	0
615351504	2	2.28	1	40	1	1000	0	1	1	0	0
608397166	2	-43.91	1	100	4	1000	0	1	0	0	0
615350424	2	-59.97	1	80	3	10	0	1	0	0	0
615351927	2	4.40	1	80	3	10	0	1	0	0	0
608398915	2	-39.72	1	100	4	10	0	1	0	0	0
615350430	2	6.71	1	40	1	1000	0	1	1	0	0
615350283	2	-37.74	1	80	3	10	0	1	0	0	0
662350124	2	-0.83	1	80	3	1000	0	1	0	0	0
613541252	2	-27.90	1	100	4	10	0	1	0	0	0
608396674	2	-4.33	1	80	3	1000	0	1	0	0	0
615350832	2	-38.40	1	100	4	1	0	1	0	0	0
673656936	2	0.40	1	80	3	1000	0	1	0	0	0
615349440	2	-40.31	1	100	4	10	0	1	0	0	0
613541141	2	-45.04	1	80	3	5000	0	1	0	0	0
765285035	2	0.00	1	0	5	10	0	1	1	0	0
608398468	2	-26.17	1	100	4	100	0	1	0	0	0
684879933	2	-0.50	1	40	1	100	0	1	1	0	0
613540499	2	-47.10	1	80	3	100	0	1	0	0	0
608397724	2	-13.08	1	40	1	1000	0	1	0	0	0
615349782	2	-33.21	1	100	4	1000	0	1	0	0	0
662624392	2	-1.13	1	40	1	1	0	1	1	0	0
613541075	2	5.89	1	40	1	10	0	1	0	0	0
613540061	2	-39.48	1	80	3	1	0	1	0	0	0
581542327	2	2.10	1	80	3	10	0	1	0	0	0
608398924	2	2.85	1	80	3	10	0	1	0	0	0
615351249	2	-38.11	1	80	3	500	0	1	0	0	0
613540055	2	8.08	1	40	1	1	0	1	1	0	0
615350601	2	-47.55	1	80	3	10	0	1	0	0	0
589854687	2	-41.82	1	100	4	10	0	1	0	0	0
377568531	2	2.29	1	20	0	0	0	1	0	0	0
615350373	2	6.97	1	40	1	10	0	1	0	0	0
608396428	2	2.60	1	20	0	5000000	0	1	0	0	0
615350397	2	-42.23	1	100	4	10	0	1	0	0	0
615351885	2	-22.20	1	80	3	100	0	1	0	0	0
613541315	2	9.61	1	40	1	10	0	1	0	0	0
613542512	2	0.90	1	100	4	100	0	1	0	0	0
615350262	2	-21.58	1	80	3	10	0	1	0	0	0
615349935	2	-18.70	1	80	3	10	0	1	0	0	0
613540235	2	2.55	1	20	0	0	0	1	0	0	0
608397418	2	25.50	1	80	3	100	0	1	0	0	0
615350799	2	3.03	1	40	1	10	0	1	0	0	0
615350961	2	2.77	1	80	3	1000	0	1	0	0	0
615349410	2	-7.81	1	80	3	1000	0	1	0	0	0
613541600	2	94.86	1	40	1	10	0	1	0	0	0
613540820	2	3.65	1	20	0	1000	0	1	0	0	0
615351870	2	-50.85	1	100	4	10	0	1	0	0	0
613540472	2	-48.66	1	80	3	10	0	1	0	0	0
608397703	2	2.18	1	20	0	100	0	1	0	0	0
615349761	2	-27.72	1	80	3	10	0	1	0	0	0
698086567	2	0.10	1	80	3	10	0	1	0	0	0
613541039	2	-38.86	1	80	3	10	0	1	0	0	0
613542191	2	-45.92	1	100	4	10	0	1	0	0	0
615349497	2	3.83	1	20	0	10	0	1	1	0	0
615349830	2	-53.09	1	80	3	500	0	1	0	0	0
615351144	2	-38.41	1	80	3	1000	0	1	0	0	0
613540277	2	5.39	1	80	3	1000	0	1	0	0	0
615351837	2	11.40	1	80	3	10	0	1	0	0	0
755697474	2	0.10	1	0	5	100	0	1	1	0	0
608397823	2	-37.46	1	100	4	1000	0	1	0	0	0
615349521	2	3.62	1	40	1	1000	0	1	0	0	0
608396368	2	-38.83	1	100	4	1000	0	1	0	0	0
615350367	2	2.12	1	20	0	0	0	1	0	0	0
753247679	2	0.80	1	0	5	10	0	1	0	0	0
613541291	2	3.89	1	20	0	5000000	0	1	0	0	0
613540835	2	4.60	1	20	0	100	0	1	1	0	0
637528778	2	-0.90	1	80	3	10	0	1	0	0	0
615351822	2	6.35	1	80	3	1000	0	1	0	0	0
613541198	2	2.09	1	40	1	10	0	1	0	0	0
608397385	2	-29.74	1	80	3	10	0	1	0	0	0
615350724	2	-34.16	1	100	4	10	0	1	0	0	0
615350925	2	-37.40	1	100	4	10	0	1	0	0	0
608398090	2	4.65	1	40	1	100	0	1	0	0	0
608396650	2	-31.48	1	80	3	10	0	1	0	0	0
634914106	2	17.00	1	100	4	1000	0	1	1	0	0
613541606	2	2.80	1	20	0	5000000	0	1	0	0	0
613540622	2	2.63	1	20	0	5000000	0	1	0	0	0
608396848	2	-13.68	1	80	3	10	0	1	0	0	0
615349728	2	-39.13	1	100	4	10	0	1	0	0	0
700854155	2	2.23	1	20	0	0	0	1	0	0	0
608397148	2	-42.08	1	80	3	1	0	1	0	0	0
613541627	2	1.64	1	40	1	500	0	1	0	0	0
764261332	2	0.00	1	0	5	10	0	1	1	0	0
615349803	2	-14.35	1	100	4	10000	0	1	0	0	0
615351096	2	-47.19	1	80	3	1000	0	1	0	0	0
613541864	2	8.04	1	40	1	1	0	1	1	0	0
615351900	2	-5.47	1	40	1	1000	0	1	1	0	0
615351810	2	10.46	1	80	3	100	0	1	0	0	0
742553838	2	-0.13	1	0	5	1	0	1	0	0	0
608397799	2	-27.95	1	80	3	1	0	1	0	0	0
615350865	2	4.41	1	40	1	1000	0	1	0	0	0
608396338	2	1.87	1	20	0	1	0	1	0	0	0
613542209	2	-40.24	1	80	3	10	0	1	0	0	0
743193679	2	0.70	1	0	5	10	0	1	0	0	0
613542347	2	3.87	1	80	3	10	0	1	0	0	0
613540139	2	0.00	1	20	0	100	0	1	0	0	0
635731831	2	7.23	1	80	3	10	0	1	0	0	0
615349743	2	-3.93	1	80	3	10	0	1	0	0	0
613541165	2	-36.45	1	80	3	10	0	1	0	0	0
608397355	2	2.33	1	20	0	1	0	1	0	0	0
615350643	2	3.82	1	80	3	100	0	1	0	0	0
615350898	2	3.87	1	40	1	10	0	1	1	0	0
613540742	2	-35.15	1	80	3	1	0	1	0	0	0
608397943	2	4.11	1	40	1	10	0	1	0	0	0
608397472	2	5.72	1	40	1	1000	0	1	1	0	0
615351747	2	-39.07	1	100	4	10	0	1	0	0	0
608396824	2	-46.38	1	80	3	10	0	1	0	0	0
615349704	2	-45.10	1	100	4	1000	0	1	0	0	0
699318179	2	1.65	1	40	1	1	0	1	1	0	0
608397055	2	-20.93	1	60	2	10	0	1	0	0	0
608398564	2	4.79	1	40	1	1	0	1	0	0	0
613541624	2	3.86	1	20	0	1000	0	1	1	0	0
608398792	2	3.13	1	80	3	1	0	1	0	0	0
615351048	2	-48.78	1	100	4	1000	0	1	0	0	0
613541768	2	-30.80	1	100	4	1	0	1	0	0	0
613542764	2	6.08	1	100	4	10	0	1	0	0	0
608397907	2	-37.25	1	80	3	1000	0	1	0	0	0
613541738	2	2.22	1	20	0	1	0	1	1	0	0
736909313	2	-0.30	1	0	5	10	0	1	0	0	0
608398327	2	2.68	1	20	0	1	0	1	1	0	0
615350241	2	4.43	1	40	1	100	0	1	0	0	0
613542125	2	-10.61	1	40	1	1000	0	1	0	0	0
608398969	2	-28.00	1	80	3	10	0	1	0	0	0
765463999	2	0.00	1	0	5	500	0	1	1	0	0
615351705	2	-54.85	1	80	3	1	0	1	0	0	0
613542269	2	-39.32	1	100	4	1000	0	1	0	0	0
630930701	2	-10.90	1	80	3	100	0	1	0	0	0
613540601	2	2.74	1	20	0	10	0	1	0	0	0
613541135	2	-35.66	1	100	4	10	0	1	0	0	0
608396566	2	5.93	1	40	1	10	0	1	1	0	0
615350616	2	-2.71	1	40	1	10	0	1	0	0	0
665215575	2	0.80	1	80	3	1	0	1	0	0	0
615349302	2	4.89	1	40	1	1	0	1	1	0	0
608397109	2	-34.34	1	80	3	100	0	1	0	0	0
615349917	2	-21.98	1	100	4	10	0	1	1	0	0
613541450	2	-40.02	1	100	4	1000	0	1	0	0	0
613542713	2	1.90	1	40	1	10	0	1	1	0	0
613540580	2	5.72	1	40	1	10	0	1	0	0	0
615349668	2	-46.12	1	100	4	10	0	1	0	0	0
695726152	2	15.30	1	100	4	100	0	1	0	0	0
608397031	2	-36.86	1	80	3	10	0	1	0	0	0
608398111	2	10.90	1	40	1	10	0	1	0	0	0
765874631	2	0.00	1	0	5	10	0	1	1	0	0
613540001	2	-35.67	1	100	4	500	0	1	0	0	0
625749331	2	-9.60	1	80	3	1	0	1	0	0	0
613540703	2	-31.93	1	80	3	1000	0	1	0	0	0
613542644	2	-30.16	1	100	4	10	0	1	0	0	0
608396926	2	2.37	1	20	0	1000	0	1	0	0	0
615350022	2	-4.93	1	40	1	10	0	1	0	0	0
721728860	2	0.20	1	0	5	1000	0	1	0	0	0
608398222	2	-45.06	1	80	3	1000	0	1	0	0	0
615350064	2	6.05	1	100	4	50000	0	1	1	0	0
608396998	2	-34.72	1	80	3	500	0	1	0	0	0
608398828	2	-40.33	1	80	3	10	0	1	0	0	0
492154515	2	5.24	1	100	4	1	0	1	1	0	0
615350094	2	-39.40	1	100	4	10	0	1	0	0	0
613542245	2	12.60	1	80	3	10	0	1	0	0	0
615350157	2	7.64	1	40	1	1	0	1	0	0	0
613541648	2	9.42	1	100	4	10	0	1	1	0	0
613540127	2	-52.73	1	100	4	1000	0	1	0	0	0
615349695	2	2.34	1	20	0	0	0	1	0	0	0
608396536	2	-30.09	1	100	4	10	0	1	0	0	0
613542491	2	3.50	1	60	2	1000	0	1	0	0	0
663317010	2	0.89	1	80	3	100	0	1	0	0	0
613541576	2	-51.62	1	100	4	10	0	1	0	0	0
608396902	2	34.20	1	40	1	1	0	1	0	0	0
608397091	2	50.00	1	80	3	100	0	1	0	0	0
613541423	2	-24.52	1	80	3	1	0	1	0	0	0
613540553	2	-45.75	1	80	3	10	0	1	0	0	0
608396800	2	-40.42	1	80	3	1000	0	1	0	0	0
615350556	2	-38.34	1	80	3	10	0	1	0	0	0
694181008	2	-3.93	1	80	3	10	0	1	0	0	0
492154545	2	2.13	1	20	0	5000000	0	1	0	0	0
608397604	2	-47.06	1	80	3	10	0	1	0	0	0
671113525	2	0.40	1	80	3	1000	0	1	0	0	0
608399161	2	2.80	1	20	0	5000000	0	1	0	0	0
622842168	2	-0.03	1	100	4	10	0	1	0	0	0
613541681	2	-47.75	1	100	4	10	0	1	0	0	0
608397853	2	-36.40	1	100	4	1000	0	1	0	0	0
615351633	2	-23.34	1	80	3	10	0	1	0	0	0
727850160	2	-1.00	1	0	5	10	0	1	0	0	0
608398171	2	-35.64	1	100	4	1	0	1	0	0	0
615350988	2	30.31	1	40	1	100	0	1	0	0	0
765221419	2	0.00	1	0	5	1	0	1	1	0	0
608398750	2	3.19	1	80	3	10	0	1	0	0	0
613540340	2	11.48	1	40	1	1000	0	1	1	0	0
615350073	2	-9.53	1	40	1	1000	0	1	0	0	0
613540187	2	4.76	1	40	1	10	0	1	0	0	0
615350133	2	-27.03	1	80	3	10	0	1	0	0	0
608398258	2	6.22	1	40	1	100	0	1	1	0	0
613541033	2	-34.93	1	80	3	10	0	1	0	0	0
615351240	2	3.06	1	20	0	0	0	1	1	0	0
608396512	2	-36.23	1	100	4	10	0	1	0	0	0
613542467	2	-56.90	1	100	4	10	0	1	0	0	0
615351789	2	-56.28	1	100	4	100	0	1	0	0	0
613541546	2	-5.62	1	80	3	10	0	1	0	0	0
608396728	2	-35.40	1	80	3	500	0	1	0	0	0
492154140	2	2.14	1	20	0	100	0	1	0	0	0
655467575	2	2.44	1	20	0	5000000	0	1	0	0	0
613542704	2	-22.47	1	100	4	10	0	1	0	0	0
613541345	2	-39.37	1	100	4	1000	0	1	0	0	0
572810934	2	21.50	1	40	1	1000	0	1	1	0	0
691737574	2	1.60	1	100	4	500	0	1	0	0	0
490641700	2	11.11	1	40	1	10	0	1	0	0	0
608397436	2	5.75	1	40	1	100	0	1	1	0	0
726503074	2	0.10	1	0	5	1	0	1	0	0	0
608398636	2	-46.02	1	100	4	10	0	1	0	0	0
615352146	2	-17.60	1	100	4	10	0	1	0	0	0
613541654	2	-35.58	1	100	4	10	0	1	0	0	0
608397829	2	27.74	1	100	4	10	0	1	1	0	0
615351609	2	-37.68	1	100	4	1000	0	1	0	0	0
721851831	2	-0.50	1	0	5	1000	0	1	1	0	0
608396632	2	-31.41	1	80	3	10	0	1	0	0	0
615349674	2	1.01	1	40	1	1000	0	1	0	0	0
725034110	2	0.20	1	0	5	1	0	1	0	0	0
615349986	2	-22.54	1	80	3	10	0	1	0	0	0
615350049	2	-15.44	1	40	1	500	0	1	0	0	0
613540442	2	-36.55	1	100	4	100	0	1	0	0	0
617953966	2	-5.30	1	80	3	10	0	1	0	0	0
608397004	2	-30.17	1	100	4	10	0	1	0	0	0
608397517	2	-30.50	1	80	3	1000	0	1	0	0	0
591627430	2	2.44	1	20	0	5000000	0	1	0	0	0
608396485	2	-2.17	1	40	1	1000	0	1	0	0	0
615350538	2	-41.96	1	100	4	10	0	1	0	0	0
615352038	2	-26.94	1	100	4	10	0	1	0	0	0
613542629	2	-15.40	1	80	3	10	0	1	0	0	0
490641460	2	3.94	1	20	0	1000	0	1	0	0	0
615351381	2	-3.98	1	40	1	100	0	1	0	0	0
682849741	2	-15.07	1	100	4	100	0	1	0	0	0
613540328	2	-21.16	1	80	3	100	0	1	0	0	0
558126770	2	-29.45	1	80	3	100	0	1	0	0	0
615349383	2	-42.81	1	80	3	100	0	1	0	0	0
677994949	2	-1.80	1	100	4	10	0	1	0	0	0
613541465	2	-33.58	1	80	3	1000	0	1	0	0	0
738608607	2	0.10	1	0	5	1000	0	1	0	0	0
608398609	2	1.37	1	60	2	10	0	1	0	0	0
658814887	2	-11.50	1	80	3	1000	0	1	0	0	0
613540799	2	-3.21	1	60	2	1000	0	1	0	0	0
608397781	2	-23.97	1	80	3	1	0	1	0	0	0
613540973	2	-38.61	1	80	3	10	0	1	0	0	0
713078857	2	-3.40	1	0	5	100	0	1	0	0	0
608397328	2	-8.51	1	80	3	10	0	1	0	0	0
613542107	2	4.90	1	40	1	1	0	1	0	0	0
615351972	2	15.00	1	80	3	100	0	1	0	0	0
608398690	2	-44.73	1	100	4	10	0	1	0	0	0
668358952	2	8.95	1	80	3	10	0	1	0	0	0
613541027	2	-27.24	1	80	3	10	0	1	0	0	0
615351960	2	21.80	1	80	3	10	0	1	0	0	0
608399041	2	-19.40	1	80	3	100	0	1	0	0	0
608398081	2	-55.07	1	100	4	10	0	1	0	0	0
613541009	2	2.37	1	20	0	0	0	1	0	0	0
608397214	2	6.86	1	40	1	10	0	1	0	0	0
615350508	2	3.22	1	40	1	2000	0	1	0	0	0
646832980	2	-0.20	1	80	3	10	0	1	0	0	0
613542599	2	76.49	1	80	3	10	0	1	0	0	0
615352005	2	5.70	1	80	3	10	0	1	0	0	0
608399149	2	-7.30	1	100	4	1000	0	1	0	0	0
615350466	2	-39.19	1	80	3	10	0	1	0	0	0
613540292	2	15.06	1	100	4	10	0	1	1	0	0
608396707	2	-15.67	1	40	1	1	0	1	0	0	0
615350862	2	2.92	1	40	1	10	0	1	0	0	0
765285038	2	0.00	1	0	5	100	0	1	1	0	0
613541999	2	7.09	1	40	1	10	0	1	0	0	0
615349461	2	2.10	1	20	0	0	0	1	0	0	0
613541531	2	-40.51	1	80	3	10	0	1	0	0	0
608397757	2	72.47	1	40	1	10	0	1	0	0	0
615350772	2	-38.11	1	100	4	100	0	1	0	0	0
377568966	2	2.50	1	20	0	1	0	0	1	0	0
709737389	2	0.50	1	0	5	1	0	1	0	0	0
613541105	2	-29.69	1	80	3	10	0	1	0	0	0
613540307	2	1.84	1	40	1	5000	0	1	1	0	0
615350229	2	-4.04	1	40	1	100	0	1	0	0	0
608398960	2	-21.54	1	100	4	1000	0	1	0	0	0
615351285	2	-47.50	1	100	4	10	0	1	0	0	0
613540970	2	-17.10	1	100	4	10	0	1	1	0	0
613541642	2	-58.68	1	100	4	10	0	1	0	0	0
608396941	2	-34.37	1	80	3	10	0	1	0	0	0
554569060	2	-0.50	1	80	3	1	0	1	0	0	0
615351513	2	-47.96	1	80	3	100	0	1	0	0	0
608397169	2	8.03	1	40	1	1	0	1	1	0	0
615350427	2	-45.55	1	100	4	10	0	1	0	0	0
615351930	2	2.00	1	80	3	10	0	1	0	0	0
608398918	2	-14.08	1	100	4	10	0	1	0	0	0
615350625	2	7.06	1	40	1	1000	0	1	1	0	0
615350295	2	3.71	1	40	1	10	0	1	0	0	0
665767668	2	-0.90	1	80	3	100	0	1	0	0	0
613541264	2	2.04	1	20	0	0	0	1	0	0	0
608396677	2	11.91	1	40	1	1000	0	1	1	0	0
615350835	2	-42.68	1	100	4	1	0	1	0	0	0
674422145	2	0.74	1	40	1	100	0	1	1	0	0
615349449	2	-23.19	1	80	3	1000	0	1	0	0	0
613541153	2	4.30	1	80	3	10	0	1	0	0	0
608398477	2	3.54	1	40	1	5000	0	1	0	0	0
684889089	2	3.70	1	20	0	5000000	0	1	0	0	0
613541504	2	54.40	1	40	1	10	0	1	1	0	0
608397727	2	-3.96	1	40	1	1000	0	1	0	0	0
615349785	2	-41.31	1	80	3	1000	0	1	0	0	0
702628941	2	0.10	1	80	3	10	0	1	0	0	0
613541078	2	6.21	1	40	1	10	0	1	0	0	0
613540067	2	-50.69	1	40	1	1	0	1	0	0	0
608396626	2	3.63	1	40	1	100	0	1	0	0	0
608398927	2	2.30	1	80	3	10	0	1	0	0	0
615351252	2	2.69	1	20	0	5000000	0	1	0	0	0
613540064	2	-51.50	1	80	3	1	0	1	0	0	0
615350604	2	-47.80	1	80	3	10	0	1	0	0	0
608396629	2	4.03	1	40	1	100	0	1	0	0	0
377568651	2	-27.17	1	80	3	1000	0	1	0	0	0
615350445	2	-43.47	1	80	3	1000	0	1	0	0	0
608396434	2	4.19	1	80	3	10	0	1	0	0	0
615350400	2	-34.12	1	80	3	1000	0	1	0	0	0
615351888	2	4.90	1	80	3	1000	0	1	0	0	0
613541318	2	7.04	1	40	1	10	0	1	1	0	0
613542611	2	14.00	1	80	3	100	0	1	0	0	0
615350265	2	1.40	1	40	1	10	0	1	0	0	0
615349962	2	-27.54	1	80	3	10	0	1	0	0	0
613540241	2	-50.53	1	80	3	100	0	1	0	0	0
608396653	2	-28.85	1	80	3	10	0	1	0	0	0
615350808	2	-47.46	1	80	3	10	0	1	0	0	0
615350964	2	3.52	1	80	3	10	0	1	0	0	0
615349413	2	-1.01	1	60	2	10	0	1	0	0	0
613541615	2	5.69	1	40	1	500	0	1	1	0	0
725935725	2	0.30	1	0	5	100	0	1	0	0	0
615351873	2	-50.90	1	100	4	10	0	1	0	0	0
613540475	2	-51.79	1	100	4	10	0	1	0	0	0
608397706	2	7.46	1	40	1	10	0	1	0	0	0
615349764	2	-34.69	1	80	3	10	0	1	0	0	0
698667411	2	-4.59	1	100	4	1000	0	1	0	0	0
613541048	2	-48.52	1	100	4	1000	0	1	0	0	0
613542212	2	3.03	1	40	1	1	0	1	1	0	0
669350513	2	35.90	1	80	3	10	0	1	0	0	0
615349833	2	-26.57	1	100	4	500	0	1	0	0	0
615351147	2	-35.68	1	80	3	1000	0	1	0	0	0
613540280	2	8.67	1	40	1	10	0	1	0	0	0
615351840	2	-9.72	1	80	3	10	0	1	0	0	0
755697477	2	0.40	1	0	5	1	0	1	0	0	0
608397826	2	-11.75	1	40	1	1000	0	1	0	0	0
615349527	2	-48.39	1	40	1	10	0	1	0	0	0
608396371	2	38.60	1	40	1	1000	0	1	0	0	0
615350370	2	-29.39	1	80	3	10	0	1	0	0	0
754005578	2	-1.00	1	0	5	10	0	1	1	0	0
613541294	2	2.07	1	40	1	10	0	1	0	0	0
613540889	2	42.61	1	100	4	100	0	1	0	0	0
639342345	2	1.50	1	60	2	10	0	1	0	0	0
615351969	2	-22.94	1	100	4	10	0	1	0	0	0
613541201	2	4.15	1	20	0	10	0	1	1	0	0
608397394	2	-57.48	1	80	3	1000	0	1	0	0	0
615350733	2	5.48	1	40	1	1000	0	1	0	0	0
615350928	2	5.68	1	40	1	1	0	1	0	0	0
608398093	2	-35.98	1	100	4	10	0	1	0	0	0
608397361	2	6.05	1	40	1	10	0	1	0	0	0
714950629	2	0.20	1	0	5	10	0	1	0	0	0
615351846	2	2.66	1	80	3	10	0	1	0	0	0
613540625	2	3.75	1	80	3	10	0	1	0	0	0
608397682	2	74.39	1	40	1	10	0	1	0	0	0
615349731	2	-30.47	1	100	4	10	0	1	0	0	0
700854158	2	0.20	1	80	3	1000	0	1	0	0	0
608397151	2	-40.61	1	100	4	10	0	1	0	0	0
613541657	2	4.31	1	40	1	1000	0	1	0	0	0
723455559	2	-0.10	1	0	5	1000	0	1	0	0	0
615349806	2	-51.12	1	80	3	100	0	1	0	0	0
615351099	2	-53.50	1	80	3	500	0	1	0	0	0
613540775	2	-24.02	1	80	3	5000	0	1	0	0	0
668970928	2	3.06	1	20	0	0	0	1	0	0	0
615351816	2	-28.64	1	80	3	10	0	1	0	0	0
742553841	2	-0.72	1	0	5	1	0	1	0	0	0
608397802	2	-36.49	1	100	4	1	0	1	0	0	0
615350880	2	1.20	1	40	1	10	0	1	0	0	0
608396347	2	-25.14	1	80	3	10	0	1	0	0	0
613542218	2	-45.11	1	100	4	1000	0	1	0	0	0
745962254	2	0.03	1	0	5	100	0	1	1	0	0
613542350	2	3.79	1	40	1	1	0	1	1	0	0
613540232	2	6.62	1	40	1	1000	0	1	1	0	0
635902378	2	5.66	1	40	1	1	0	1	1	0	0
615349749	2	-56.54	1	100	4	10	0	1	0	0	0
613541174	2	2.31	1	40	1	1000	0	1	0	0	0
608397358	2	5.43	1	40	1	10	0	1	0	0	0
615350646	2	8.44	1	100	4	1000	0	1	1	0	0
615350901	2	-39.26	1	80	3	10	0	1	0	0	0
613540748	2	-47.93	1	80	3	100	0	1	0	0	0
608397997	2	97.59	1	40	1	10	0	1	0	0	0
615350493	2	1.09	1	40	1	1000	0	1	1	0	0
615351753	2	-46.82	1	100	4	10	0	1	0	0	0
613540589	2	-18.80	1	80	3	10	0	1	0	0	0
608396827	2	2.35	1	20	0	10	0	1	0	0	0
615349710	2	-47.50	1	80	3	1000	0	1	0	0	0
699318182	2	1.51	1	40	1	1	0	1	1	0	0
608397061	2	5.20	1	80	3	10	0	1	0	0	0
608398579	2	4.48	1	40	1	1000	0	1	0	0	0
695728852	2	0.40	1	80	3	1000	0	1	0	0	0
608398795	2	3.85	1	80	3	1	0	1	0	0	0
615351054	2	-15.88	1	40	1	1	0	1	1	0	0
613541771	2	-41.38	1	80	3	1000	0	1	0	0	0
613542812	2	-2.63	1	100	4	10	0	1	0	0	0
608397913	2	3.10	1	40	1	10	0	1	0	0	0
613541882	2	8.52	1	100	4	1	0	1	0	0	0
736909319	2	0.10	1	0	5	10	0	1	1	0	0
608398333	2	2.45	1	20	0	1	0	1	0	0	0
615350256	2	-38.19	1	80	3	10	0	1	0	0	0
748868221	2	1.73	1	0	5	5000000	0	1	0	0	0
613540934	2	-32.58	1	80	3	1000	0	1	0	0	0
765464005	2	0.00	1	0	5	10	0	1	1	0	0
615351708	2	-45.84	1	80	3	10	0	1	0	0	0
613542278	2	-30.04	1	100	4	1000	0	1	0	0	0
632499847	2	-13.83	1	80	3	10	0	1	1	0	0
613540619	2	-17.36	1	80	3	10	0	1	0	0	0
613541138	2	-29.62	1	80	3	1000	0	1	0	0	0
608396572	2	-32.11	1	80	3	10	0	1	0	0	0
615350619	2	4.08	1	40	1	1	0	1	0	0	0
615351978	2	-16.80	1	80	3	1000	0	1	0	0	0
615349305	2	4.31	1	40	1	1	0	1	1	0	0
608397112	2	-26.58	1	100	4	100	0	1	0	0	0
613541639	2	3.88	1	20	0	1	0	1	1	0	0
615351726	2	-46.17	1	100	4	10	0	1	0	0	0
613542722	2	-7.90	1	100	4	100	0	1	0	0	0
615349677	2	8.89	1	40	1	1000	0	1	1	0	0
695726155	2	2.16	1	20	0	0	0	1	0	0	0
608397034	2	7.26	1	40	1	10	0	1	0	0	0
608398165	2	5.70	1	60	2	100	0	1	0	0	0
721851759	2	3.20	1	0	5	10	0	1	0	0	0
613540007	2	-44.26	1	80	3	10	0	1	0	0	0
625759396	2	-10.10	1	80	3	10	0	1	0	0	0
613540706	2	3.38	1	40	1	10	0	1	0	0	0
613542653	2	-29.98	1	100	4	10	0	1	0	0	0
608396929	2	4.67	1	40	1	10	0	1	0	0	0
615350025	2	-21.89	1	40	1	10	0	1	0	0	0
721851693	2	0.90	1	0	5	1000	0	1	0	0	0
608398282	2	9.58	1	40	1	1000	0	1	0	0	0
615350100	2	-39.30	1	80	3	100	0	1	0	0	0
613541261	2	1.40	1	80	3	100	0	1	0	0	0
608398834	2	3.50	1	80	3	10	0	1	0	0	0
613542062	2	2.98	1	100	4	5000	0	1	1	0	0
615350097	2	-32.13	1	80	3	100	0	1	0	0	0
613542248	2	-41.29	1	100	4	10	0	1	0	0	0
615350160	2	-48.32	1	80	3	1	0	1	0	0	0
613541765	2	3.39	1	20	0	10	0	1	0	0	0
613540130	2	-43.54	1	80	3	10	0	1	0	0	0
615350166	2	2.47	1	20	0	5000000	0	1	0	0	0
608396539	2	-15.09	1	60	2	10	0	1	0	0	0
613542494	2	-48.29	1	100	4	1000	0	1	1	0	0
663317013	2	-1.63	1	80	3	100	0	1	0	0	0
613541582	2	-20.39	1	80	3	1000	0	1	0	0	0
608396905	2	-49.64	1	80	3	100	0	1	0	0	0
608397097	2	20.43	1	40	1	100	0	1	0	0	0
613541426	2	-20.17	1	80	3	10	0	1	0	0	0
613540556	2	-46.24	1	80	3	10	0	1	0	0	0
608396803	2	-23.22	1	40	1	1000	0	1	0	0	0
615350559	2	-40.01	1	100	4	10	0	1	0	0	0
694185778	2	0.90	1	40	1	1	0	1	1	0	0
492154605	2	2.20	1	20	0	0	0	1	0	0	0
608397616	2	-36.16	1	80	3	10	0	1	0	0	0
678021936	2	0.50	1	80	3	1000	0	1	0	0	0
608399167	2	-5.06	1	80	3	1000	0	1	0	0	0
623056601	2	-6.40	1	80	3	10	0	1	0	0	0
613541684	2	-8.62	1	80	3	10	0	1	0	0	0
608397856	2	-29.94	1	80	3	1	0	1	0	0	0
615349947	2	66.75	1	40	1	1000	0	1	0	0	0
731699173	2	-1.05	1	0	5	10	0	1	0	0	0
608398177	2	-20.65	1	80	3	10	0	1	0	0	0
615351003	2	-44.92	1	80	3	100	0	1	0	0	0
608397463	2	-27.25	1	100	4	10	0	1	1	0	0
608398753	2	1.87	1	80	3	1000	0	1	0	0	0
613541474	2	-3.27	1	100	4	1000	0	1	0	0	0
615350076	2	2.30	1	20	0	1	0	1	0	0	0
613540190	2	4.35	1	40	1	10	0	1	0	0	0
615350136	2	-41.04	1	80	3	1000	0	1	0	0	0
608398288	2	-29.16	1	80	3	10	0	1	0	0	0
613540103	2	-31.61	1	100	4	10	0	1	0	0	0
615351477	2	2.56	1	20	0	5000000	0	1	0	0	0
608396518	2	-24.78	1	80	3	10	0	1	0	0	0
613542470	2	3.10	1	80	3	100	0	1	0	0	0
615351792	2	3.20	1	80	3	10	0	1	0	0	0
613541555	2	-36.66	1	80	3	10	0	1	0	0	0
608396731	2	5.77	1	40	1	500	0	1	0	0	0
608396362	2	10.44	1	40	1	100	0	1	1	0	0
655943981	2	-0.50	1	40	1	10	0	1	1	0	0
615872764	2	-15.70	1	80	3	100	0	1	0	0	0
613541348	2	-51.30	1	80	3	1000	0	1	0	0	0
572810937	2	2.23	1	20	0	1	0	1	0	0	0
693315074	2	-0.60	1	80	3	10	0	1	0	0	0
490641724	2	-4.68	1	40	1	10	0	1	0	0	0
608397442	2	-41.84	1	80	3	10	0	1	0	0	0
740793206	2	0.70	1	0	5	10	0	1	1	0	0
608398639	2	-35.40	1	100	4	10	0	1	0	0	0
615843947	2	-7.77	1	100	4	10	0	1	0	0	0
613541660	2	-2.50	1	40	1	10	0	1	0	0	0
608397832	2	4.92	1	40	1	10	0	1	0	0	0
615351612	2	1.73	1	80	3	10	0	1	0	0	0
724198121	2	-0.05	1	0	5	10	0	1	0	0	0
608396635	2	-26.09	1	80	3	10	0	1	0	0	0
615349740	2	-45.37	1	80	3	1000	0	1	0	0	0
608396545	2	2.83	1	100	4	500	0	1	1	0	0
615349995	2	7.46	1	40	1	10	0	1	0	0	0
615350052	2	-15.51	1	40	1	500	0	1	0	0	0
613540445	2	-1.20	1	80	3	100	0	1	0	0	0
617953969	2	-15.00	1	100	4	100	0	1	0	0	0
608398879	2	-5.20	1	80	3	100	0	1	0	0	0
608397520	2	7.70	1	40	1	100	0	1	1	0	0
605201550	2	2.48	1	20	0	1	0	1	0	0	0
608396488	2	-29.68	1	100	4	100	0	1	1	0	0
613542443	2	2.80	1	80	3	10	0	1	0	0	0
615352041	2	-30.80	1	100	4	10	0	1	0	0	0
613542641	2	-33.02	1	100	4	10	0	1	0	0	0
490641469	2	32.33	1	100	4	0	0	1	0	0	0
615351384	2	-30.40	1	100	4	100	0	1	0	0	0
682849744	2	-18.36	1	100	4	100	0	1	0	0	0
613540331	2	-27.99	1	80	3	1000	0	1	0	0	0
558845991	2	3.81	1	80	3	100	0	1	0	0	0
615349386	2	-20.18	1	40	1	10	0	1	0	0	0
678016683	2	-2.90	1	80	3	10	0	1	0	0	0
608397343	2	5.71	1	40	1	10	0	1	0	0	0
767223738	2	0.00	1	0	5	1	0	1	1	0	0
608398612	2	2.77	1	20	0	5000000	0	1	0	0	0
658814890	2	-19.30	1	80	3	1000	0	1	0	0	0
613540802	2	-41.12	1	80	3	10	0	1	0	0	0
608397784	2	3.54	1	40	1	1	0	1	0	0	0
613540988	2	24.21	1	40	1	10	0	1	0	0	0
713529644	2	0.80	1	0	5	5000000	0	1	0	0	0
608397331	2	4.92	1	40	1	1000	0	1	1	0	0
613542140	2	2.66	1	40	1	1000	0	1	1	0	0
666781363	2	0.00	1	80	3	1000	0	1	0	0	0
608398696	2	-49.12	1	100	4	10	0	1	0	0	0
668358955	2	6.66	1	80	3	10	0	1	0	0	0
613541030	2	-25.67	1	80	3	10	0	1	0	0	0
615351963	2	0.50	1	80	3	10	0	1	0	0	0
608399050	2	-40.38	1	100	4	10	0	1	0	0	0
613540976	2	2.12	1	20	0	5000000	0	1	0	0	0
613541012	2	2.61	1	20	0	5000000	0	1	0	0	0
608396458	2	1.98	1	20	0	1000	0	1	0	0	0
615350514	2	2.92	1	20	0	1	0	1	0	0	0
646898545	2	-0.40	1	80	3	10	0	1	0	0	0
613542608	2	-2.80	1	80	3	1	0	1	1	0	0
346973113	2	37.71	1	80	3	100	0	1	0	0	0
615351354	2	-31.05	1	80	3	1	0	1	0	0	0
615350535	2	-43.72	1	80	3	10	0	1	0	0	0
613540298	2	75.56	1	80	3	1000	0	1	0	0	0
608396710	2	2.57	1	40	1	10	0	1	1	0	0
615350874	2	-16.67	1	80	3	10	0	1	0	0	0
767015136	2	0.00	1	0	5	100	0	1	1	0	0
613542002	2	8.89	1	40	1	10	0	1	0	0	0
615349467	2	2.96	1	80	3	10	0	1	0	0	0
613541534	2	-29.56	1	80	3	10	0	1	0	0	0
608397760	2	-35.88	1	80	3	10	0	1	0	0	0
615350775	2	1.73	1	40	1	10	0	1	0	0	0
709762676	2	0.90	1	0	5	1000	0	1	0	0	0
613541108	2	-34.60	1	100	4	10	0	1	0	0	0
613540310	2	1.58	1	40	1	10	0	1	1	0	0
615350232	2	-4.43	1	40	1	100	0	1	0	0	0
608398660	2	-33.81	1	100	4	1000	0	1	0	0	0
615351288	2	-47.96	1	100	4	10	0	1	0	0	0
613540997	2	-45.09	1	100	4	5000	0	1	0	0	0
615351933	2	2.10	1	80	3	10	0	1	0	0	0
608396944	2	-13.87	1	80	3	10	0	1	0	0	0
608398057	2	-1.16	1	40	1	10	0	1	0	0	0
615349332	2	-37.38	1	80	3	100	0	1	0	0	0
608397175	2	-34.57	1	100	4	1000	0	1	0	0	0
615350433	2	2.28	1	20	0	5000000	0	1	0	0	0
377342312	2	65.28	1	40	1	100	0	1	0	0	0
640550915	2	1.25	1	40	1	1	0	1	0	0	0
613542575	2	-42.40	1	100	4	10	0	1	0	0	0
615350637	2	12.88	1	100	4	0	0	1	0	0	0
615350301	2	-51.11	1	80	3	1000	0	1	0	0	0
665767671	2	-0.70	1	80	3	100	0	1	0	0	0
613541267	2	2.29	1	20	0	5000000	0	1	0	0	0
608396683	2	3.40	1	20	0	5000000	0	1	0	0	0
615350838	2	-7.29	1	100	4	1	0	1	1	0	0
675264033	2	-2.63	1	80	3	10	0	1	0	0	0
608398438	2	-22.91	1	80	3	10	0	1	0	0	0
613541159	2	5.23	1	40	1	5000	0	1	0	0	0
608398480	2	2.50	1	20	0	5000000	0	1	0	0	0
684902430	2	-5.00	1	80	3	10	0	1	0	0	0
613541507	2	52.80	1	40	1	10	0	1	1	0	0
608397733	2	2.46	1	20	0	1	0	1	0	0	0
615349788	2	-47.94	1	40	1	1000	0	1	0	0	0
702628947	2	1.70	1	40	1	10	0	1	1	0	0
613541081	2	49.50	1	40	1	10	0	1	0	0	0
613540634	2	-1.95	1	40	1	1000	0	1	0	0	0
608398015	2	4.06	1	40	1	1000	0	1	1	0	0
608398930	2	-20.40	1	100	4	10	0	1	0	0	0
615351255	2	5.03	1	40	1	1000	0	1	1	0	0
613540079	2	-35.28	1	100	4	10	0	1	0	0	0
615350607	2	6.78	1	40	1	10	0	1	0	0	0
608396734	2	5.00	1	40	1	100	0	1	0	0	0
377569140	2	-56.98	1	80	3	1	0	1	0	0	0
615350451	2	5.63	1	40	1	10	0	1	0	0	0
608396437	2	-55.96	1	80	3	10	0	1	0	0	0
615350406	2	20.44	1	80	3	1	0	1	0	0	0
615351891	2	-48.00	1	100	4	10	0	1	0	0	0
613540460	2	-3.88	1	40	1	1000	0	1	0	0	0
615349632	2	70.99	1	100	4	1000	0	1	1	0	0
615350268	2	-5.21	1	100	4	10	0	1	1	0	0
622842165	2	-9.50	1	80	3	100	0	1	0	0	0
613540244	2	5.84	1	40	1	1	0	1	0	0	0
608396656	2	2.56	1	20	0	5000000	0	1	0	0	0
615350814	2	-41.20	1	80	3	10	0	1	0	0	0
673191063	2	2.70	1	80	3	10	0	1	0	0	0
615349416	2	-3.00	1	40	1	10	0	1	0	0	0
613541018	2	-32.26	1	80	3	5000	0	1	0	0	0
764398713	2	0.00	1	0	5	100	0	1	0	0	0
615351876	2	-47.40	1	80	3	10	0	1	0	0	0
613540478	2	64.88	1	40	1	10	0	1	0	0	0
608397709	2	-54.42	1	80	3	10	0	1	0	0	0
615349767	2	-55.55	1	80	3	10	0	1	0	0	0
700854167	2	-2.70	1	80	3	10	0	1	0	0	0
613541051	2	-14.08	1	40	1	100	0	1	1	0	0
613542215	2	-40.75	1	80	3	10	0	1	0	0	0
688583128	2	0.70	1	40	1	100	0	1	0	0	0
608398867	2	7.08	1	80	3	10	0	1	0	0	0
615351150	2	-53.83	1	80	3	1000	0	1	0	0	0
613540283	2	2.62	1	20	0	5000000	0	1	0	0	0
615351843	2	4.16	1	80	3	10	0	1	0	0	0
757184291	2	0.10	1	0	5	1	0	1	1	0	0
608397862	2	-46.46	1	80	3	10	0	1	0	0	0
615349545	2	-11.69	1	40	1	10	0	1	0	0	0
608396374	2	20.15	1	80	3	10	0	1	0	0	0
615350379	2	3.76	1	40	1	10	0	1	0	0	0
615350346	2	6.22	1	40	1	1000	0	1	0	0	0
613541297	2	5.33	1	40	1	500	0	1	1	0	0
613540964	2	4.70	1	20	0	10	0	1	0	0	0
615350238	2	-44.99	1	80	3	1000	0	1	0	0	0
615351990	2	-30.99	1	100	4	10	0	1	0	0	0
613540211	2	2.35	1	20	0	5000000	0	1	0	0	0
608397397	2	-44.13	1	100	4	10	0	1	0	0	0
615350736	2	-50.37	1	80	3	10	0	1	0	0	0
615350934	2	-4.24	1	40	1	1000	0	1	0	0	0
608398096	2	-52.20	1	100	4	10	0	1	0	0	0
608396377	2	-39.98	1	80	3	100	0	1	0	0	0
734479371	2	0.10	1	0	5	100	0	1	1	0	0
615351849	2	5.93	1	80	3	10	0	1	0	0	0
613540628	2	-49.15	1	100	4	1000	0	1	1	0	0
608397685	2	2.45	1	20	0	5000000	0	1	0	0	0
615349734	2	-40.85	1	80	3	1000	0	1	0	0	0
696874325	2	3.20	1	80	3	1000	0	1	0	0	0
608397160	2	-38.26	1	100	4	1000	0	1	0	0	0
613541690	2	6.88	1	40	1	1	0	1	1	0	0
608398183	2	4.23	1	20	0	1	0	1	1	0	0
615349809	2	-55.17	1	80	3	100	0	1	0	0	0
615351102	2	-36.71	1	80	3	1000	0	1	0	0	0
613540784	2	-36.43	1	80	3	1000	0	1	0	0	0
675886332	2	3.29	1	20	0	5000000	0	1	0	0	0
615351819	2	3.59	1	80	3	10	0	1	0	0	0
754940694	2	-0.10	1	0	5	10	0	1	1	0	0
608397805	2	2.60	1	40	1	10	0	1	0	0	0
615350931	2	-45.83	1	80	3	1000	0	1	0	0	0
608396350	2	4.55	1	20	0	10	0	1	1	0	0
613542221	2	-21.96	1	80	3	10	0	1	1	0	0
747505480	2	2.29	1	0	5	1	0	1	0	0	0
613542353	2	-32.26	1	100	4	1000	0	1	0	0	0
613540538	2	50.12	1	80	3	100	0	1	0	0	0
636779769	2	-16.50	1	80	3	1000	0	1	0	0	0
615350298	2	-12.03	1	80	3	1000	0	1	0	0	0
613541183	2	2.46	1	20	0	5000000	0	1	0	0	0
608397364	2	-37.12	1	80	3	10	0	1	0	0	0
615350652	2	2.34	1	20	0	5000000	0	1	0	0	0
615350904	2	-34.80	1	100	4	10	0	1	0	0	0
613540754	2	-40.11	1	80	3	10	0	1	0	0	0
608398003	2	5.33	1	40	1	10	0	1	0	0	0
613542104	2	-31.53	1	100	4	10	0	1	1	0	0
615351759	2	34.40	1	80	3	1000	0	1	0	0	0
613540604	2	-36.70	1	100	4	10	0	1	0	0	0
608396830	2	-52.15	1	80	3	10	0	1	0	0	0
615349713	2	-38.96	1	80	3	1000	0	1	0	0	0
699322901	2	2.80	1	80	3	10	0	1	0	0	0
608397064	2	-34.17	1	80	3	10	0	1	0	0	0
608398603	2	7.32	1	40	1	1	0	1	0	0	0
700851995	2	0.70	1	80	3	10	0	1	0	0	0
608398798	2	-21.16	1	100	4	10	0	1	0	0	0
615351057	2	2.68	1	20	0	5000000	0	1	0	0	0
613541774	2	-40.63	1	80	3	1000	0	1	0	0	0
608398078	2	4.33	1	20	0	10	0	1	1	0	0
608397916	2	-36.90	1	80	3	1000	0	1	0	0	0
613541894	2	2.45	1	40	1	1	0	1	1	0	0
736909322	2	-0.30	1	0	5	500	0	1	0	0	0
608398342	2	5.49	1	40	1	1000	0	1	1	0	0
615350259	2	-41.90	1	80	3	10	0	1	0	0	0
754072181	2	1.48	1	0	5	1	0	1	0	0	0
613540940	2	6.29	1	40	1	10	0	1	0	0	0
765464008	2	0.00	1	0	5	100	0	1	1	0	0
615351711	2	1.88	1	80	3	10	0	1	0	0	0
613540349	2	120.84	1	40	1	1000	0	1	0	0	0
633031961	2	16.54	1	80	3	10	0	1	0	0	0
613540649	2	-2.77	1	40	1	100	0	1	0	0	0
613541144	2	-41.08	1	80	3	10	0	1	0	0	0
608397334	2	-38.64	1	100	4	10	0	1	0	0	0
615350622	2	5.48	1	40	1	1	0	1	0	0	0
615351981	2	6.30	1	100	4	10	0	1	0	0	0
615349308	2	3.97	1	40	1	1	0	1	1	0	0
608397121	2	7.00	1	40	1	10	0	1	0	0	0
608397127	2	0.00	1	20	0	0	0	1	0	0	0
615351729	2	-46.71	1	80	3	100	0	1	0	0	0
613542734	2	-36.94	1	100	4	10	0	1	0	0	0
615349683	2	-38.35	1	80	3	1000	0	1	0	0	0
695726161	2	2.41	1	20	0	0	0	1	0	0	0
608397037	2	-52.28	1	80	3	10	0	1	0	0	0
608398300	2	-4.85	1	100	4	1	0	1	0	0	0
662612809	2	1.40	1	80	3	10	0	1	0	0	0
613540013	2	-23.93	1	80	3	10	0	1	0	0	0
615349932	2	-41.37	1	100	4	1000	0	1	0	0	0
613540709	2	4.07	1	40	1	10	0	1	0	0	0
608399131	2	-27.94	1	100	4	10	0	1	0	0	0
608396932	2	-20.55	1	40	1	10	0	1	0	0	0
615350031	2	3.26	1	20	0	5000000	0	1	0	0	0
731699176	2	0.10	1	0	5	10	0	1	1	0	0
608398285	2	2.61	1	20	0	5000000	0	1	0	0	0
615350124	2	31.41	1	40	1	1	0	1	0	0	0
613541042	2	-40.72	1	80	3	10	0	1	0	0	0
608398837	2	1.80	1	80	3	100	0	1	0	0	0
613542338	2	-28.66	1	100	4	5000	0	1	0	0	0
615350169	2	7.66	1	40	1	500	0	1	0	0	0
613542254	2	-53.03	1	80	3	1000	0	1	0	0	0
615350163	2	-32.96	1	80	3	1	0	1	0	0	0
615349827	2	2.51	1	20	0	100	0	1	0	0	0
613540133	2	3.74	1	40	1	2000	0	1	0	0	0
615350544	2	2.12	1	20	0	5000000	0	1	0	0	0
608396551	2	4.33	1	40	1	1000	0	1	1	0	0
613542497	2	1.81	1	80	3	10	0	1	0	0	0
663417599	2	1.10	1	80	3	10	0	1	0	0	0
613541585	2	5.48	1	40	1	1000	0	1	0	0	0
608396956	2	-43.69	1	80	3	10	0	1	0	0	0
608397145	2	3.00	1	20	0	5000000	0	1	0	0	0
613541429	2	-42.49	1	80	3	1000	0	1	0	0	0
613540562	2	-42.55	1	80	3	100	0	1	0	0	0
608396806	2	-23.64	1	40	1	1000	0	1	0	0	0
615350562	2	2.13	1	40	1	1000	0	1	0	0	0
694187008	2	-2.30	1	80	3	10	0	1	0	0	0
431023168	2	2.36	1	20	0	0	0	1	0	0	0
608397622	2	3.29	1	40	1	10	0	1	0	0	0
748801624	2	-0.10	1	0	5	1000	0	1	0	0	0
610104949	2	-7.31	1	100	4	1	0	1	0	0	0
623101739	2	3.00	1	80	3	10	0	1	1	0	0
613540685	2	4.46	1	80	3	10	0	1	0	0	0
608397859	2	-41.30	1	80	3	10	0	1	0	0	0
615349950	2	-43.73	1	80	3	100	0	1	0	0	0
719047659	2	-0.20	1	0	5	10	0	1	0	0	0
608398180	2	-11.16	1	80	3	100	0	1	0	0	0
615351009	2	5.69	1	40	1	10	0	1	0	0	0
613541111	2	-29.53	1	100	4	10	0	1	1	0	0
608398756	2	-41.55	1	100	4	10	0	1	0	0	0
613541621	2	8.39	1	100	4	10	0	1	1	0	0
615350079	2	2.64	1	20	0	5000000	0	1	0	0	0
613540196	2	2.82	1	20	0	5000000	0	1	0	0	0
615350139	2	-45.49	1	80	3	1000	0	1	0	0	0
608398582	2	-43.09	1	80	3	10	0	1	0	0	0
613540106	2	-36.65	1	80	3	10	0	1	0	0	0
608397058	2	2.55	1	20	0	5000000	0	1	0	0	0
608396521	2	6.07	1	40	1	10	0	1	1	0	0
613542473	2	0.70	1	80	3	1	0	1	0	0	0
615351801	2	-18.79	1	80	3	1000	0	1	0	0	0
613541558	2	7.37	1	40	1	10	0	1	0	0	0
608396740	2	9.12	1	40	1	1000	0	1	1	0	0
608396407	2	55.76	1	100	4	100	0	1	0	0	0
657286911	2	2.19	1	20	0	0	0	1	0	0	0
657286908	2	2.23	1	20	0	0	0	1	0	0	0
613541351	2	-33.35	1	80	3	10	0	1	0	0	0
608396779	2	50.06	1	40	1	1000	0	1	0	0	0
694180993	2	-0.40	1	40	1	10	0	1	0	0	0
490641799	2	9.55	1	40	1	10	0	1	0	0	0
608397445	2	8.00	1	40	1	1000	0	1	1	0	0
608398495	2	-6.75	1	100	4	1	0	1	1	0	0
608398642	2	-34.53	1	80	3	500	0	1	0	0	0
615872752	2	-13.88	1	100	4	10	0	1	0	0	0
613541663	2	5.62	1	40	1	10	0	1	0	0	0
608397838	2	-36.85	1	100	4	10	0	1	0	0	0
615351615	2	-41.77	1	100	4	1	0	1	0	0	0
724198133	2	0.20	1	0	5	10	0	1	1	0	0
608396638	2	-40.18	1	100	4	10	0	1	0	0	0
615349746	2	-38.91	1	80	3	100	0	1	0	0	0
771728721	2	0.00	1	0	5	100	0	1	1	0	0
615349998	2	2.63	1	20	0	5000000	0	1	0	0	0
615350055	2	-2.94	1	40	1	10	0	1	0	0	0
613540448	2	-28.82	1	80	3	1000	0	1	0	0	0
619020555	2	-18.01	1	100	4	10	0	1	0	0	0
613540781	2	-26.67	1	80	3	10	0	1	0	0	0
608397523	2	9.21	1	40	1	10	0	1	0	0	0
608397766	2	2.32	1	20	0	0	0	1	0	0	0
608396491	2	2.67	1	20	0	5000000	0	1	0	0	0
613542446	2	2.05	1	80	3	10	0	1	0	0	0
615352044	2	1.65	1	40	1	10	0	1	1	0	0
613542647	2	-29.05	1	100	4	10	0	1	0	0	0
492153981	2	2.13	1	20	0	1000	0	1	0	0	0
650345119	2	0.50	1	80	3	1000	0	1	0	0	0
727630288	2	-0.90	1	0	5	100	0	1	0	0	0
613540334	2	2.38	1	20	0	5000000	0	1	0	0	0
562857813	2	3.08	1	80	3	1	0	1	0	0	0
615349392	2	-25.86	1	80	3	10	0	1	0	0	0
678021933	2	-8.60	1	100	4	10	0	1	0	0	0
608397946	2	2.29	1	20	0	1	0	1	0	0	0
608397370	2	2.72	1	40	1	10	0	1	1	0	0
608398807	2	-6.83	1	40	1	1	0	1	1	0	0
608398618	2	1.32	1	20	0	0	0	1	0	0	0
658858258	2	-7.70	1	80	3	10	0	1	0	0	0
613540805	2	-51.12	1	40	1	10	0	1	0	0	0
608396851	2	3.95	1	40	1	1	0	1	0	0	0
613540991	2	-37.99	1	100	4	10	0	1	0	0	0
713529647	2	-0.20	1	0	5	1	0	1	0	0	0
608396608	2	-32.04	1	100	4	10	0	1	0	0	0
615349602	2	54.80	1	40	1	100	0	1	0	0	0
679697285	2	1.10	1	40	1	10	0	1	0	0	0
608398699	2	-39.98	1	100	4	10	0	1	0	0	0
615350130	2	-36.73	1	100	4	10	0	1	0	0	0
613540424	2	-44.41	1	100	4	10	0	1	0	0	0
615351966	2	-16.30	1	100	4	10	0	1	0	0	0
608399098	2	-22.11	1	100	4	10	0	1	0	0	0
613540979	2	-35.13	1	80	3	1000	0	1	0	0	0
615350322	2	2.87	1	20	0	5000000	0	1	0	0	0
608396461	2	2.69	1	20	0	0	0	1	0	0	0
615350517	2	-35.18	1	80	3	1000	0	1	0	0	0
648933099	2	1.60	1	80	3	100	0	1	0	0	0
613542614	2	-29.30	1	100	4	10	0	1	0	0	0
490641367	2	1.94	1	20	0	1000	0	1	1	0	0
615351360	2	-44.03	1	100	4	10	0	1	0	0	0
615350712	2	-10.59	1	40	1	1	0	1	1	0	0
613540313	2	4.97	1	40	1	10	0	1	0	0	0
608396713	2	-45.20	1	80	3	100	0	1	0	0	0
615350877	2	1.71	1	40	1	10	0	1	0	0	0
613541180	2	-28.26	1	80	3	10	0	1	0	0	0
743148550	2	0.10	1	0	5	1	0	1	0	0	0
613542005	2	-34.22	1	100	4	100	0	1	0	0	0
615349644	2	8.74	1	100	4	10	0	1	1	0	0
613541537	2	-4.63	1	40	1	1000	0	1	0	0	0
608397763	2	5.15	1	40	1	10	0	1	0	0	0
615350778	2	-40.76	1	100	4	1	0	1	0	0	0
711498006	2	1.97	1	0	5	1000	0	1	1	0	0
613541114	2	-44.16	1	100	4	10	0	1	0	0	0
613540370	2	-47.74	1	80	3	1000	0	1	0	0	0
613542386	2	1.68	1	80	3	100	0	1	0	0	0
608398663	2	-31.16	1	80	3	10	0	1	0	0	0
667835789	2	1.41	1	80	3	10	0	1	0	0	0
613541000	2	5.54	1	40	1	5000	0	1	0	0	0
615351936	2	-16.20	1	80	3	10	0	1	0	0	0
608396965	2	1.71	1	40	1	100	0	1	0	0	0
608398060	2	1.76	1	40	1	10	0	1	0	0	0
615350568	2	2.10	1	40	1	10	0	1	0	0	0
608397184	2	2.45	1	20	0	5000000	0	1	0	0	0
615350436	2	-31.41	1	80	3	10	0	1	0	0	0
640550918	2	1.50	1	40	1	1	0	1	0	0	0
613542578	2	-33.20	1	80	3	10	0	1	0	0	0
615350697	2	26.81	1	80	3	100	0	1	0	0	0
615350304	2	-34.87	1	80	3	100	0	1	0	0	0
668358946	2	0.70	1	40	1	1000	0	1	0	0	0
613541270	2	-29.88	1	80	3	10	0	1	0	0	0
608396689	2	2.32	1	20	0	5000000	0	1	0	0	0
615350847	2	2.56	1	20	0	1	0	1	0	0	0
675478607	2	-0.50	1	40	1	10	0	1	0	0	0
608398447	2	-55.16	1	100	4	10	0	1	0	0	0
608398483	2	3.21	1	40	1	100	0	1	0	0	0
686122196	2	4.40	1	80	3	100	0	1	0	0	0
613541510	2	-27.68	1	80	3	10	0	1	0	0	0
608397739	2	-37.62	1	100	4	1000	0	1	0	0	0
615349791	2	3.73	1	40	1	1000	0	1	1	0	0
702631818	2	8.00	1	100	4	100	0	1	0	0	0
613541084	2	3.99	1	80	3	10	0	1	0	0	0
613540655	2	-35.25	1	80	3	1000	0	1	0	0	0
613540052	2	-2.62	1	40	1	100	0	1	1	0	0
608398933	2	-18.10	1	80	3	10	0	1	0	0	0
615351267	2	-9.88	1	80	3	1000	0	1	0	0	0
613540085	2	5.72	1	60	2	1000	0	1	0	0	0
615350610	2	-25.53	1	100	4	1000	0	1	1	0	0
608396776	2	-38.61	1	100	4	10	0	1	0	0	0
377569161	2	2.36	1	20	0	0	0	1	0	0	0
615350496	2	-31.92	1	100	4	10	0	1	0	0	0
608396440	2	-37.01	1	100	4	1000	0	1	0	0	0
615350409	2	-37.98	1	100	4	100	0	1	0	0	0
615351894	2	3.39	1	80	3	100	0	1	0	0	0
608398888	2	-29.70	1	80	3	1000	0	1	0	0	0
615349707	2	4.05	1	20	0	1000	0	1	0	0	0
615350271	2	-18.93	1	100	4	1000	0	1	0	0	0
630890339	2	-0.20	1	40	1	100	0	1	1	0	0
613540247	2	4.48	1	40	1	1000	0	1	0	0	0
608396659	2	-42.45	1	100	4	100	0	1	0	0	0
615350817	2	7.09	1	40	1	1000	0	1	1	0	0
673191066	2	6.80	1	80	3	10	0	1	0	0	0
615349422	2	3.98	1	40	1	500	0	1	0	0	0
613541063	2	-39.59	1	80	3	500	0	1	0	0	0
764178590	2	0.00	1	0	5	100	0	1	1	0	0
615351879	2	-55.30	1	80	3	100	0	1	0	0	0
613540481	2	-53.19	1	80	3	10	0	1	0	0	0
608397712	2	2.12	1	20	0	1	0	1	0	0	0
615349770	2	2.73	1	60	2	10	0	1	0	0	0
700858634	2	0.40	1	40	1	1	0	1	1	0	0
613541054	2	3.71	1	40	1	10	0	1	0	0	0
613542233	2	-40.33	1	80	3	1000	0	1	0	0	0
733410009	2	0.69	1	0	5	1	0	1	0	0	0
608398870	2	3.08	1	80	3	1	0	1	0	0	0
615351180	2	13.13	1	40	1	1000	0	1	0	0	0
613540286	2	-13.81	1	80	3	10	0	1	0	0	0
615350589	2	2.90	1	20	0	5000000	0	1	0	0	0
758881764	2	0.00	1	0	5	1000	0	1	1	0	0
608397865	2	-36.07	1	80	3	10	0	1	0	0	0
615349569	2	3.11	1	40	1	10	0	1	0	0	0
608396413	2	4.97	1	80	3	10	0	1	0	0	0
615350382	2	3.35	1	40	1	10	0	1	0	0	0
615350352	2	2.70	1	60	2	10000	0	1	0	0	0
613541300	2	12.22	1	100	4	0	0	1	1	0	0
613541129	2	60.61	1	80	3	100	0	1	0	0	0
615350244	2	-43.17	1	80	3	100	0	1	0	0	0
613542638	2	0.30	1	80	3	10	0	1	1	0	0
613540214	2	-24.71	1	80	3	10	0	1	0	0	0
608397400	2	-29.58	1	80	3	10	0	1	0	0	0
615350739	2	-26.85	1	100	4	10	0	1	0	0	0
615350937	2	-43.83	1	100	4	1000	0	1	0	0	0
608398108	2	-2.64	1	80	3	1000	0	1	0	0	0
608396380	2	-1.10	1	40	1	100	0	1	0	0	0
713954359	2	0.00	1	0	5	5000000	0	1	0	0	0
615351852	2	-42.20	1	100	4	10	0	1	0	0	0
613540637	2	-20.95	1	80	3	100	0	1	0	0	0
608397688	2	3.54	1	20	0	10	0	1	1	0	0
615349737	2	-37.59	1	80	3	1000	0	1	0	0	0
696906254	2	0.00	1	80	3	100	0	1	0	0	0
608397217	2	-16.73	1	40	1	500	0	1	0	0	0
613541813	2	3.38	1	20	0	1000	0	1	1	0	0
608396416	2	6.82	1	40	1	100	0	1	1	0	0
615349812	2	-7.64	1	40	1	100	0	1	0	0	0
615351114	2	-35.30	1	100	4	1	0	1	0	0	0
613540262	2	-38.66	1	80	3	10	0	1	0	0	0
615351825	2	-31.03	1	100	4	500	0	1	0	0	0
755616139	2	0.10	1	0	5	10	0	1	0	0	0
608397808	2	-23.25	1	80	3	10	0	1	0	0	0
615349446	2	5.42	1	40	1	10	0	1	1	0	0
608396353	2	5.27	1	40	1	10	0	1	0	0	0
613542224	2	2.96	1	80	3	100	0	1	0	0	0
747505483	2	2.53	1	0	5	5000000	0	1	0	0	0
613542359	2	-27.76	1	100	4	10	0	1	0	0	0
613540718	2	0.00	1	20	0	5000000	0	1	0	0	0
636805299	2	-0.80	1	40	1	1	0	1	0	0	0
615350391	2	5.56	1	40	1	5000	0	1	1	0	0
613541186	2	-31.04	1	80	3	10	0	1	0	0	0
608397373	2	-8.71	1	80	3	1000	0	1	0	0	0
613541285	2	2.37	1	20	0	5000000	0	1	0	0	0
615350907	2	-19.60	1	80	3	10	0	1	0	0	0
613540757	2	-6.19	1	40	1	1000	0	1	0	0	0
608398012	2	-1.99	1	40	1	1000	0	1	0	0	0
615349464	2	10.01	1	100	4	50000	0	1	0	0	0
615351762	2	-5.89	1	80	3	10	0	1	0	0	0
613542737	2	17.40	1	100	4	100	0	1	0	0	0
613540607	2	-32.13	1	100	4	10	0	1	0	0	0
608396836	2	-48.79	1	80	3	1000	0	1	0	0	0
615349716	2	2.01	1	40	1	1000	0	1	0	0	0
700813536	2	6.20	1	100	4	10	0	1	0	0	0
608397067	2	2.39	1	20	0	0	0	1	0	0	0
608398606	2	-4.65	1	40	1	100	0	1	0	0	0
712779784	2	0.30	1	0	5	100	0	1	0	0	0
608398801	2	3.79	1	80	3	1000	0	1	0	0	0
615351060	2	7.54	1	40	1	1	0	1	1	0	0
613541786	2	-58.01	1	40	1	1000	0	1	0	0	0
608398441	2	-42.51	1	100	4	10	0	1	0	0	0
608397919	2	2.54	1	20	0	0	0	1	0	0	0
613541909	2	16.63	1	100	4	1	0	1	1	0	0
737143039	2	2.89	1	0	5	1000	0	1	0	0	0
608398345	2	8.31	1	100	4	1	0	1	0	0	0
615350343	2	-28.55	1	80	3	1000	0	1	0	0	0
615350685	2	-14.67	1	80	3	10	0	1	0	0	0
613540943	2	-46.77	1	80	3	10	0	1	0	0	0
771274437	2	0.00	1	0	5	10	0	1	0	0	0
615351714	2	-46.15	1	80	3	100	0	1	0	0	0
613540352	2	2.33	1	20	0	1	0	1	0	0	0
634470680	2	-9.80	1	100	4	100	0	1	0	0	0
613542788	2	-3.10	1	100	4	100	0	1	0	0	0
613541147	2	2.18	1	80	3	10	0	1	0	0	0
608397337	2	-1.82	1	40	1	10	0	1	0	0	0
615350628	2	-25.93	1	80	3	10	0	1	0	0	0
615351984	2	-0.20	1	80	3	1	0	1	0	0	0
615349311	2	-23.13	1	80	3	500	0	1	0	0	0
608397139	2	-4.26	1	40	1	1000	0	1	0	0	0
608397286	2	0.00	1	20	0	0	0	1	0	0	0
615351732	2	0.20	1	80	3	10	0	1	0	0	0
615349686	2	-19.11	1	100	4	10	0	1	1	0	0
695726170	2	0.60	1	40	1	500	0	1	0	0	0
608397040	2	9.09	1	40	1	10	0	1	0	0	0
608398309	2	8.44	1	40	1	1	0	1	1	0	0
666581519	2	1.20	1	80	3	1	0	1	0	0	0
608398777	2	-18.23	1	100	4	1	0	1	0	0	0
615349938	2	-39.57	1	80	3	100	0	1	0	0	0
613540712	2	-55.10	1	80	3	10	0	1	0	0	0
765913662	2	-0.10	1	0	5	1000	0	1	1	0	0
608396947	2	-38.92	1	80	3	10	0	1	0	0	0
615350034	2	-20.96	1	80	3	10	0	1	0	0	0
731699179	2	-0.30	1	0	5	500	0	1	0	0	0
608398291	2	2.18	1	60	2	1000	0	1	0	0	0
615350175	2	1.33	1	40	1	100	0	1	0	0	0
613541045	2	-47.44	1	80	3	10	0	1	0	0	0
613540838	2	-4.12	1	40	1	1000	0	1	0	0	0
615349368	2	-24.39	1	100	4	1000	0	1	1	0	0
615350172	2	98.90	1	40	1	10	0	1	0	0	0
613542257	2	3.58	1	80	3	10	0	1	0	0	0
628834296	2	-0.50	1	80	3	10	0	1	0	0	0
615349920	2	-31.27	1	100	4	10	0	1	0	0	0
613540136	2	-50.14	1	80	3	10	0	1	0	0	0
613540916	2	2.23	1	20	0	0	0	1	0	0	0
608396554	2	3.17	1	40	1	1000	0	1	1	0	0
613542500	2	3.00	1	80	3	10	0	1	0	0	0
663573528	2	8.70	1	80	3	1000	0	1	0	0	0
613542746	2	-2.00	1	100	4	10	0	1	0	0	0
608396983	2	-28.68	1	100	4	10	0	1	0	0	0
608397508	2	9.03	1	40	1	100	0	1	0	0	0
613541435	2	-39.38	1	80	3	1000	0	1	0	0	0
613540565	2	-15.61	1	100	4	100	0	1	0	0	0
608396809	2	-30.21	1	100	4	1000	0	1	0	0	0
615350565	2	-50.03	1	100	4	10	0	1	0	0	0
695719090	2	-4.00	1	80	3	10	0	1	0	0	0
431023228	2	-23.72	1	60	2	1	0	1	0	0	0
608397655	2	-35.76	1	80	3	10	0	1	0	0	0
613540961	2	3.49	1	20	0	1000	0	1	1	0	0
610707619	2	-2.10	1	100	4	10	0	1	0	0	0
623200699	2	-14.50	1	80	3	1	0	1	0	0	0
613540691	2	-32.78	1	80	3	10	0	1	0	0	0
608396914	2	-41.62	1	80	3	10	0	1	0	0	0
615349953	2	-39.21	1	100	4	1000	0	1	0	0	0
719855764	2	0.10	1	0	5	1	0	1	1	0	0
608398186	2	2.84	1	40	1	10	0	1	0	0	0
615351033	2	3.84	1	40	1	1000	0	1	0	0	0
608397178	2	14.17	1	40	1	1000	0	1	1	0	0
608398765	2	-18.01	1	100	4	10	0	1	0	0	0
608397535	2	10.14	1	100	4	5000	0	1	1	0	0
615350082	2	-31.58	1	80	3	1	0	1	0	0	0
613540202	2	6.36	1	40	1	10	0	1	0	0	0
615350142	2	7.76	1	40	1	1000	0	1	1	0	0
608398705	2	-49.53	1	100	4	10	0	1	0	0	0
613540109	2	-42.97	1	80	3	10	0	1	0	0	0
608397544	2	1.88	1	20	0	1	0	1	0	0	0
608396524	2	-4.68	1	40	1	10	0	1	0	0	0
613542476	2	3.90	1	40	1	1000	0	1	0	0	0
615351804	2	-60.71	1	100	4	1000	0	1	0	0	0
613541561	2	-39.79	1	80	3	1000	0	1	0	0	0
608396746	2	6.62	1	40	1	10	0	1	1	0	0
608396686	2	11.03	1	40	1	100	0	1	1	0	0
657752130	2	6.80	1	80	3	100	0	1	0	0	0
608399056	2	-38.79	1	100	4	10	0	1	0	0	0
613541354	2	-33.65	1	100	4	10	0	1	0	0	0
608396782	2	-6.20	1	40	1	1000	0	1	0	0	0
694180996	2	8.90	1	80	3	1000	0	1	0	0	0
490641874	2	1.89	1	20	0	0	0	1	0	0	0
608397532	2	-44.61	1	80	3	5000	0	1	0	0	0
608398498	2	-9.30	1	100	4	1	0	1	1	0	0
608398120	2	3.60	1	40	1	10	0	1	1	0	0
615872755	2	3.90	1	40	1	10	0	1	1	0	0
613541666	2	-33.71	1	80	3	100	0	1	0	0	0
608397841	2	-7.11	1	40	1	1	0	1	0	0	0
615351618	2	-26.66	1	100	4	10	0	1	0	0	0
725935722	2	0.05	1	0	5	1000	0	1	1	0	0
608396641	2	-17.52	1	40	1	10	0	1	0	0	0
615349842	2	-32.02	1	80	3	10	0	1	0	0	0
673050038	2	0.40	1	100	4	500	0	1	1	0	0
615350004	2	-54.45	1	80	3	10	0	1	0	0	0
615350058	2	-45.00	1	100	4	10	0	1	0	0	0
613540451	2	6.91	1	80	3	10	0	1	0	0	0
619020558	2	-19.80	1	100	4	10	0	1	0	0	0
613541060	2	-42.39	1	80	3	10	0	1	0	0	0
608397526	2	-33.80	1	100	4	10	0	1	0	0	0
490641898	2	2.31	1	20	0	0	0	1	0	0	0
608396494	2	2.43	1	20	0	1	0	1	0	0	0
613542449	2	3.73	1	80	3	10	0	1	0	0	0
615352050	2	5.00	1	40	1	100	0	1	0	0	0
613542650	2	-32.82	1	100	4	10	0	1	0	0	0
608396479	2	6.19	1	40	1	10	0	1	0	0	0
492154044	2	2.05	1	20	0	1000	0	1	0	0	0
650853400	2	-0.30	1	40	1	10	0	1	1	0	0
613542686	2	-18.69	1	100	4	10	0	1	0	0	0
613541321	2	-1.09	1	40	1	10	0	1	0	0	0
567631888	2	6.60	1	80	3	1	0	1	0	0	0
615349395	2	68.97	1	40	1	10	0	1	0	0	0
678263422	2	0.81	1	40	1	1	0	1	1	0	0
608397949	2	2.53	1	20	0	5000000	0	1	0	0	0
608397391	2	-49.59	1	80	3	500	0	1	0	0	0
615351750	2	-6.46	1	40	1	1	0	1	1	0	0
608398621	2	2.58	1	80	3	1	0	1	0	0	0
615352065	2	-10.50	1	80	3	10	0	1	0	0	0
613540811	2	2.20	1	20	0	500	0	1	0	0	0
608396854	2	-4.45	1	80	3	1000	0	1	0	0	0
608399140	2	-12.30	1	100	4	1000	0	1	0	0	0
713592893	2	-0.72	1	0	5	1000	0	1	1	0	0
608396611	2	-43.71	1	80	3	10	0	1	0	0	0
615349641	2	1.42	1	40	1	10	0	1	0	0	0
702635154	2	0.30	1	80	3	1000	0	1	1	0	0
608398702	2	2.86	1	80	3	1	0	1	0	0	0
615350037	2	2.48	1	20	0	0	0	1	0	0	0
613540427	2	1.53	1	40	1	1000	0	1	0	0	0
615351975	2	-25.04	1	80	3	1	0	1	0	0	0
608399125	2	-30.52	1	100	4	10	0	1	0	0	0
613540982	2	-34.62	1	100	4	100	0	1	0	0	0
615350328	2	2.20	1	20	0	5000000	0	1	0	0	0
608396467	2	-33.86	1	80	3	100	0	1	0	0	0
615350520	2	-38.15	1	80	3	10	0	1	0	0	0
648933120	2	-3.50	1	40	1	100	0	1	0	0	0
613542617	2	-14.93	1	100	4	1	0	1	0	0	0
490641406	2	4.14	1	20	0	1000	0	1	0	0	0
615351366	2	2.99	1	40	1	10	0	1	0	0	0
615350730	2	-10.18	1	40	1	1	0	1	1	0	0
613540316	2	2.39	1	20	0	0	0	1	0	0	0
608396716	2	-21.62	1	80	3	1	0	1	0	0	0
615350883	2	-18.52	1	80	3	10	0	1	0	0	0
613541243	2	-37.71	1	80	3	10	0	1	0	0	0
741431741	2	0.10	1	0	5	1	0	1	1	0	0
613542137	2	-33.90	1	80	3	10	0	1	1	0	0
615349650	2	-50.68	1	80	3	1000	0	1	0	0	0
613540787	2	-10.12	1	40	1	1000	0	1	0	0	0
608397769	2	-53.04	1	80	3	10	0	1	0	0	0
615350781	2	-6.60	1	40	1	1	0	1	0	0	0
711498009	2	2.08	1	0	5	1000	0	1	1	0	0
613541120	2	1.72	1	40	1	1000	0	1	0	0	0
613540394	2	6.26	1	40	1	10	0	1	0	0	0
613541594	2	4.58	1	40	1	10	0	1	1	0	0
608398666	2	-34.13	1	100	4	1000	0	1	0	0	0
667962330	2	1.50	1	80	3	1000	0	1	0	0	0
613541003	2	1.95	1	40	1	10	0	1	1	0	0
615351939	2	-19.80	1	80	3	1000	0	1	0	0	0
608398954	2	-21.35	1	100	4	10	0	1	0	0	0
608398063	2	91.90	1	40	1	10	0	1	0	0	0
615350649	2	-33.19	1	80	3	1000	0	1	0	0	0
608397187	2	-41.42	1	80	3	100	0	1	0	0	0
615350439	2	3.36	1	80	3	100	0	1	0	0	0
642033478	2	1.10	1	80	3	100	0	1	0	0	0
613542581	2	-20.30	1	100	4	10	0	1	0	0	0
615350760	2	12.47	1	40	1	100	0	1	0	0	0
615350307	2	63.56	1	40	1	1000	0	1	0	0	0
668363823	2	2.66	1	20	0	5000000	0	1	0	0	0
613541273	2	-49.79	1	80	3	10	0	1	0	0	0
608396692	2	70.89	1	40	1	1000	0	1	0	0	0
615350850	2	-29.93	1	80	3	10	0	1	0	0	0
676181700	2	0.92	1	40	1	100	0	1	1	0	0
608398486	2	-1.90	1	60	2	1000	0	1	1	0	0
687989217	2	5.90	1	100	4	100	0	1	0	0	0
613541513	2	-6.65	1	40	1	1000	0	1	0	0	0
608397742	2	-36.05	1	80	3	10	0	1	0	0	0
615349794	2	-40.26	1	80	3	1000	0	1	0	0	0
702631821	2	0.60	1	40	1	1	0	1	1	0	0
613541087	2	-44.71	1	100	4	1000	0	1	0	0	0
608398084	2	-47.75	1	80	3	1000	0	1	0	0	0
613540178	2	-0.20	1	80	3	1000	0	1	0	0	0
608398936	2	-18.80	1	80	3	10	0	1	0	0	0
615351270	2	-51.77	1	100	4	10	0	1	0	0	0
613540088	2	-1.38	1	40	1	1000	0	1	0	0	0
613541612	2	4.42	1	80	3	10	0	1	0	0	0
608396863	2	-38.45	1	40	1	10	0	1	0	0	0
377569302	2	7.80	1	40	1	10	0	1	0	0	0
615350511	2	-48.30	1	100	4	2000	0	1	0	0	0
608396443	2	-40.92	1	100	4	1000	0	1	0	0	0
615350415	2	-6.77	1	40	1	100	0	1	0	0	0
615351897	2	-39.90	1	100	4	10	0	1	0	0	0
608398894	2	-32.90	1	80	3	1000	0	1	0	0	0
615349839	2	51.46	1	100	4	100	0	1	0	0	0
615350274	2	-32.57	1	80	3	10	0	1	0	0	0
645957294	2	1.60	1	40	1	10	0	1	0	0	0
613540250	2	-3.67	1	40	1	1	0	1	0	0	0
608396662	2	2.05	1	20	0	1000	0	1	0	0	0
615350820	2	-2.94	1	40	1	10	0	1	0	0	0
673503020	2	0.96	1	80	3	5000000	0	1	0	0	0
615349431	2	15.46	1	100	4	1000	0	1	1	0	0
613541069	2	-30.39	1	80	3	10	0	1	0	0	0
765913665	2	0.00	1	0	5	100	0	1	1	0	0
608398450	2	-43.71	1	100	4	10	0	1	0	0	0
683138366	2	3.50	1	20	0	0	0	1	0	0	0
613540484	2	-59.88	1	80	3	10	0	1	0	0	0
608397715	2	-9.55	1	100	4	1000	0	1	1	0	0
615349773	2	-56.48	1	80	3	10	0	1	0	0	0
700858637	2	-4.50	1	80	3	100	0	1	0	0	0
613541057	2	2.99	1	20	0	1	0	1	1	0	0
613542236	2	4.96	1	40	1	10	0	1	0	0	0
760804766	2	0.10	1	0	5	10	0	1	0	0	0
608398876	2	8.10	1	80	3	1000	0	1	0	0	0
615351186	2	12.63	1	40	1	500	0	1	1	0	0
613540289	2	8.86	1	40	1	10	0	1	0	0	0
615350592	2	-38.25	1	80	3	10	0	1	0	0	0
760954170	2	0.10	1	0	5	1000	0	1	1	0	0
608397871	2	-14.91	1	100	4	2000	0	1	0	0	0
615349572	2	-37.57	1	80	3	10	0	1	0	0	0
608396419	2	-29.91	1	80	3	10	0	1	0	0	0
615350385	2	6.52	1	40	1	10	0	1	0	0	0
615350358	2	3.22	1	40	1	1000	0	1	0	0	0
613541303	2	2.10	1	20	0	0	0	1	0	0	0
613541249	2	11.63	1	40	1	10	0	1	1	0	0
615350247	2	-19.86	1	40	1	10	0	1	0	0	0
613542683	2	-16.81	1	100	4	10	0	1	0	0	0
613540220	2	-59.37	1	40	1	100	0	1	0	0	0
608397403	2	-28.47	1	80	3	10	0	1	0	0	0
615350745	2	-45.10	1	100	4	10	0	1	0	0	0
615350946	2	1.37	1	40	1	1000	0	1	1	0	0
608398114	2	8.70	1	40	1	10	0	1	1	0	0
608396464	2	4.35	1	40	1	500	0	1	0	0	0
755645830	2	0.00	1	0	5	1	0	1	1	0	0
615351855	2	-29.70	1	80	3	10	0	1	0	0	0
613540640	2	-10.98	1	40	1	10	0	1	0	0	0
608397694	2	5.19	1	40	1	10	0	1	1	0	0
615349752	2	-21.28	1	80	3	1000	0	1	0	0	0
696958165	2	0.25	1	80	3	1	0	1	0	0	0
608397220	2	-22.07	1	100	4	500	0	1	1	0	0
613542143	2	5.05	1	40	1	1000	0	1	0	0	0
490641634	2	16.53	1	40	1	1000	0	1	0	0	0
615349815	2	-7.83	1	40	1	100	0	1	0	0	0
615351126	2	-8.96	1	40	1	1000	0	1	0	0	0
613540265	2	-47.63	1	80	3	10	0	1	0	0	0
615351828	2	6.49	1	80	3	1000	0	1	0	0	0
377568789	2	3.38	1	40	1	100	0	1	1	0	0
608397814	2	-50.84	1	80	3	1000	0	1	0	0	0
615349476	2	5.26	1	40	1	1000	0	1	0	0	0
608396356	2	5.33	1	40	1	10	0	1	0	0	0
613542227	2	-17.42	1	80	3	1	0	1	0	0	0
750021717	2	0.10	1	0	5	1000	0	1	1	0	0
613542362	2	1.90	1	80	3	10	0	1	0	0	0
613540736	2	58.50	1	80	3	100	0	1	0	0	0
637510970	2	2.36	1	20	0	1	0	1	0	0	0
615351744	2	-3.48	1	80	3	100	0	1	0	0	0
613541189	2	3.57	1	40	1	10	0	1	0	0	0
608397376	2	4.12	1	40	1	1000	0	1	1	0	0
615350715	2	3.16	1	20	0	0	0	1	0	0	0
615350913	2	-1.27	1	40	1	10	0	1	0	0	0
613540760	2	-30.96	1	100	4	500	0	1	0	0	0
608398030	2	-21.47	1	80	3	1000	0	1	0	0	0
608398006	2	3.56	1	20	0	10	0	1	0	0	0
613542692	2	-28.07	1	100	4	10	0	1	0	0	0
613541588	2	6.79	1	40	1	10	0	1	0	0	0
613540610	2	-1.78	1	40	1	1000	0	1	0	0	0
608396839	2	-39.66	1	100	4	1000	0	1	0	0	0
615349719	2	-27.84	1	80	3	10	0	1	0	0	0
700847408	2	-3.00	1	100	4	100	0	1	0	0	0
608397070	2	-41.19	1	80	3	1000	0	1	0	0	0
608398630	2	-40.24	1	100	4	10	0	1	0	0	0
715791481	2	0.50	1	0	5	1	0	1	0	0	0
608398810	2	-7.45	1	80	3	1000	0	1	0	0	0
615351087	2	3.25	1	40	1	1000	0	1	0	0	0
613541792	2	-41.40	1	100	4	1000	0	1	0	0	0
608398897	2	-57.74	1	100	4	100	0	1	0	0	0
608397922	2	-29.40	1	80	3	10	0	1	0	0	0
613541918	2	3.69	1	20	0	10	0	1	1	0	0
740681297	2	0.20	1	0	5	10	0	1	0	0	0
608398354	2	-9.57	1	40	1	1000	0	1	0	0	0
615350802	2	-29.32	1	80	3	1	0	1	0	0	0
608397022	2	1.21	1	40	1	10	0	1	0	0	0
613540952	2	-48.74	1	40	1	1000	0	1	0	0	0
772363083	2	0.00	1	0	5	500	0	1	1	0	0
615351717	2	-38.47	1	100	4	1	0	1	0	0	0
613542329	2	-42.92	1	100	4	100	0	1	0	0	0
608398105	2	6.80	1	40	1	100	0	1	0	0	0
634860375	2	4.46	1	80	3	10	0	1	0	0	0
615349419	2	8.52	1	40	1	100	0	1	1	0	0
613541150	2	-9.66	1	40	1	10	0	1	0	0	0
608397340	2	-28.08	1	80	3	1000	0	1	0	0	0
615350631	2	7.03	1	40	1	10	0	1	0	0	0
615351987	2	-13.40	1	80	3	10	0	1	0	0	0
615349314	2	-24.27	1	80	3	500	0	1	0	0	0
608397157	2	-27.55	1	80	3	10	0	1	0	0	0
608397202	2	10.30	1	40	1	10	0	1	1	0	0
615351735	2	3.02	1	80	3	10	0	1	0	0	0
615349689	2	-44.36	1	100	4	10	0	1	0	0	0
695728858	2	-2.50	1	80	3	1000	0	1	0	0	0
608397046	2	-34.86	1	80	3	1000	0	1	0	0	0
608398492	2	4.78	1	20	0	1	0	1	1	0	0
666872410	2	-0.80	1	80	3	10	0	1	0	0	0
608398780	2	-44.40	1	80	3	10	0	1	0	0	0
615349944	2	2.29	1	20	0	5000000	0	1	0	0	0
613540715	2	2.99	1	20	0	5000000	0	1	0	0	0
608398951	2	-37.88	1	100	4	10	0	1	0	0	0
608396950	2	-49.45	1	80	3	10	0	1	0	0	0
613541723	2	-42.90	1	100	4	1000	0	1	0	0	0
732626578	2	0.70	1	0	5	1	0	1	1	0	0
608398297	2	-51.08	1	80	3	100	0	1	0	0	0
615350181	2	-5.08	1	100	4	10	0	1	0	0	0
708372631	2	-1.80	1	0	5	10	0	1	0	0	0
613540841	2	-27.77	1	40	1	1	0	1	0	0	0
615350916	2	-8.00	1	100	4	10	0	1	1	0	0
615351684	2	4.63	1	80	3	10	0	1	0	0	0
613542260	2	-45.30	1	80	3	1000	0	1	1	0	0
628834299	2	2.50	1	40	1	1	0	1	0	0	0
613540403	2	-31.46	1	40	1	10	0	1	0	0	0
613541123	2	22.73	1	40	1	10	0	1	0	0	0
613541432	2	2.30	1	20	0	1	0	1	0	0	0
608396557	2	-4.79	1	40	1	1000	0	1	0	0	0
613542518	2	-13.56	1	80	3	10	0	1	0	0	0
663573531	2	58.00	1	80	3	1000	0	1	0	0	0
613542794	2	-18.30	1	100	4	10	0	1	0	0	0
608397016	2	-34.47	1	80	3	1000	0	1	0	0	0
608397511	2	8.19	1	40	1	100	0	1	0	0	0
613541438	2	-10.27	1	80	3	1000	0	1	0	0	0
613540568	2	2.25	1	20	0	0	0	1	0	0	0
608396812	2	-20.14	1	80	3	1000	0	1	0	0	0
615350571	2	-55.82	1	80	3	10	0	1	0	0	0
695723659	2	4.00	1	80	3	1000	0	1	0	0	0
431023273	2	2.76	1	20	0	5000000	0	1	0	0	0
608397661	2	-38.77	1	80	3	10	0	1	0	0	0
758881761	2	0.00	1	0	5	10	0	1	1	0	0
611151141	2	3.32	1	100	4	10	0	1	0	0	0
623511465	2	2.08	1	80	3	10	0	1	0	0	0
613540694	2	-6.82	1	40	1	1000	0	1	0	0	0
615352059	2	-27.75	1	100	4	10	0	1	0	0	0
608396917	2	-13.19	1	40	1	100	0	1	0	0	0
615349956	2	-29.61	1	100	4	1000	0	1	0	0	0
719855767	2	-0.50	1	0	5	10	0	1	0	0	0
608398189	2	8.27	1	40	1	10	0	1	0	0	0
615351051	2	11.50	1	40	1	10	0	1	0	0	0
608396995	2	-17.90	1	40	1	500	0	1	0	0	0
608398768	2	-23.76	1	80	3	10	0	1	0	0	0
608397895	2	-23.94	1	100	4	10	0	1	0	0	0
615350085	2	2.88	1	20	0	0	0	1	0	0	0
613540208	2	6.34	1	40	1	1000	0	1	0	0	0
615350148	2	-22.57	1	80	3	1	0	1	0	0	0
613540520	2	-32.54	1	80	3	10	0	1	0	0	0
613540118	2	-47.56	1	80	3	10	0	1	0	0	0
613541678	2	2.33	1	20	0	0	0	1	0	0	0
608396527	2	4.29	1	40	1	10	0	1	1	0	0
613542479	2	3.40	1	40	1	1000	0	1	0	0	0
615351807	2	-1.89	1	80	3	100	0	1	0	0	0
613541564	2	-15.92	1	40	1	1000	0	1	0	0	0
608396755	2	-41.68	1	100	4	1000	0	1	0	0	0
608396869	2	47.44	1	80	3	100	0	1	0	0	0
657766209	2	8.21	1	100	4	10	0	1	0	0	0
608399101	2	-22.68	1	100	4	10	0	1	0	0	0
613541357	2	-35.30	1	100	4	10	0	1	0	0	0
608396785	2	-46.37	1	40	1	1000	0	1	0	0	0
694180999	2	1.50	1	80	3	10	0	1	0	0	0
490641910	2	1.42	1	40	1	10	0	1	0	0	0
608397574	2	-1.14	1	40	1	10	0	1	0	0	0
613542635	2	-0.50	1	80	3	10	0	1	0	0	0
608398126	2	-38.97	1	100	4	10	0	1	0	0	0
615872761	2	-8.40	1	80	3	1000	0	1	0	0	0
613541669	2	2.71	1	20	0	100	0	1	0	0	0
608397844	2	-52.43	1	40	1	1	0	1	0	0	0
615351621	2	-2.51	1	40	1	1	0	1	1	0	0
725935884	2	0.41	1	0	5	100	0	1	1	0	0
608396644	2	-20.04	1	80	3	10	0	1	0	0	0
615349923	2	6.10	1	40	1	10	0	1	0	0	0
615349980	2	8.80	1	100	4	1000	0	1	1	0	0
615350007	2	-41.65	1	80	3	10	0	1	0	0	0
608398444	2	-18.60	1	100	4	10	0	1	1	0	0
615350061	2	-14.34	1	40	1	100	0	1	1	0	0
613540457	2	2.49	1	20	0	0	0	1	0	0	0
620511351	2	-3.03	1	80	3	1000	0	1	0	0	0
608398018	2	-2.27	1	100	4	10	0	1	0	0	0
608397529	2	4.71	1	40	1	10	0	1	0	0	0
613539998	2	2.66	1	20	0	0	0	1	0	0	0
608396497	2	26.67	1	40	1	10	0	1	0	0	0
613542452	2	2.98	1	80	3	10	0	1	0	0	0
615352053	2	-3.14	1	100	4	10	0	1	0	0	0
613542656	2	9.00	1	60	2	1000	0	1	0	0	0
608396515	2	-4.30	1	40	1	10	0	1	0	0	0
492154056	2	4.30	1	20	0	1000	0	1	0	0	0
653596756	2	3.00	1	40	1	10	0	1	1	0	0
613542689	2	-18.27	1	100	4	10	0	1	0	0	0
613541327	2	-32.28	1	80	3	10	0	1	0	0	0
570058009	2	-30.90	1	80	3	1	0	1	0	0	0
615349404	2	2.72	1	20	0	5000000	0	1	0	0	0
